110 34 16 54 44 106 75 92 117 40 22 63 53 11 87 74 102 55 99 36 32 96 30 49 95 5 29 77 111 70 47 66 42 80 65 20 76 1 114 81 57 67 45 21 24 71 91 82 37 6 60 78 104 33 2 89 43 94 59 93 115 58 68 90 8 51 15 73 118 10 107 116 25 113 35 52 105 18 79 3 38 100 27 50 56 9 109 61 101 12 48 17 26 4 64 103 108 88
58305
21 22
21 23
21 24
21 25
21 26
21 27
21 28
19 20
19 28
81 82
85 86
56 57
92 93
81 83
56 58
30 31
80 83
29 31
0 0
0 0
70 71
69 71
69 72
19 31
68 72
42 43
41 43
0 0
40 43
40 44
40 45
39 45
47 48
16 17
16 18
16 31
16 32
10 11
47 49
89 90
9 11
37 38
37 45
37 46
37 49
37 50
0 0
0 0
0 0
0 0
0 0
0 0
37 51
0 0
35 36
12 13
54 55
78 79
34 36
34 51
65 66
60 61
6 7
4 5
4 7
4 8
4 11
4 13
4 14
95 96
1 2
1 3
1 14
1 15
1 32
1 33
1 51
77 79
76 79
0 51
0 52
0 53
0 55
0 58
0 59
0 61
0 62
0 63
0 64
75 79
73 74
67 72
0 66
0 72
0 74
0 79
0 83
0 84
0 86
0 87
0 88
0 90
0 91
0 93
0 94
0 96
0 97
