435 216 203 29 378 429 469 607 207 188 593 361 117 288 357 424 492 531 38 587 586 597 330 519 485 522 387 296 497 201 422 91 93 88 171 76 430 532 221 369 514 536 482 222 524 55 504 15 466 97 71 63 564 87 412 572 352 432 108 605 126 337 558 90 96 31 469 456 333 340 517 543 459 181 223 118 149 33 200 372 278 546 227 502 252 360 414 193 537 0 273 225 182 132 457 623 393 489 205 297 349 594 294 127 373 179 585 616 309 235 595 15 78 147 192 1 413 7 569 50 158 108 109 119 334 65 144 4 392 615 470 177 106 580 74 624 12 317 602 495 399 268 348 198 102 305 364 475 511 301 324 376 22 473 53 398 107 509 27 282 601 450 89 496 557 506 548 68 347 381 614 94 279 115 445 533 554 365 471 41 114 464 345 128 45 307 617 85 504 15 466 97 71 63 55 504 15 466 97 71 63 426 371 128 45 307 617 85 55 504 15 466 97 71 63 426 371 128 45 307 617 85 371 128 45 307 617 85 207 139 498 220 114 353 467 201 158 78 183 455 32 155 182 465 586 259 616 435 216 203 29 378 429 469 607 207 188 593 361 117 288 357 424 492 531 38 587 586 597 330 519 485 522 387 296 497 201 422 91 93 88 171 76 430 532 221 369 514 536 482 222 267 259 616 435 216 203 29 378 429 469 607 207 188 593 361 117 288 357 424 492 531 38 587 586 597 330 519 485 522 387 296 497 201 422 91 93 88 171 76 430 532 221 369 514 536 482 222 435 216 203 29 378 429 469 607 207 188 593 361 117 288 357 424 492 531 38 587 586 597 330 519 485 522 387 296 497 201 422 91 93 88 171 76 430 532 221 369 514 536 482 222 524 55 504 15 466 97 71 63 564 87 412 572 352 432 108 605 126 337 558 90 621 43 443 206 12 97 71 63 579 263 281 406 518 460 300 381 384 28 70 141 525 311 556 42 162 119 219 1 120 567 507 367 21 609 195 420 475 187 419 274 173 450 344 268 390 571 510 151 215 40 124 156 613 463 547 352 604 136 224 444 478 67 574 440 19 256 315 208 359 145 609 118 389 49 232 278 14 18 573 2 397 198 552 146 373 299 112 270 239 358 323 521 309 331 291 197 483 618 57 59 71 159 255 321 491 346 10 535 318 391 81 264 284 462 258 139 498 220 164 526 256 315 248 64 579 263 456 333 125 466 97 71 63 512 306 243 563 395 487 211 394 328 234 350 107 329 137 325 167 189 204 411 530 163 188 365 471 41 114 464 345 454 599 474 302 111 195 101 487 211 456 333 125 293 435 216 203 29 378 429 469 607 207 188 593 361 117 288 357 424 492 531 38 587 586 597 330 519 485 522 387 296 497 201 422 91 93 88 171 76 430 532 221 369 514 536 482 222 524 55 504 15 466 97 71 63 564 87 412 572 352 432 108 605 126 337 558 90 96 31 426 371 128 45 307 617 85 139 498 220 164 526 256 315 248 64 579 263 456 333 125 466 97 71 63 512 306 243 563 395 487 211 435 216 203 29 378 429 469 607 207 188 593 361 117 288 357 424 492 531 38 587 586 597 330 519 485 522 387 296 497 201 422 91 93 88 171 76 430 532 221 369 514 536 482 222 524 55 504 15 466 97 71 63 564 87 412 572 352 432 108 605 126 337 558 90 96 31 469 456 333 340 517 543 459 181 223 118 149 33 200 372 278 546 227 502 252 360 414 193 537 0 273 225 182 132 457 623 393 489 205 297 349 594 294 127 373 179 585 616 309 235 595 15 78 147 192 1 413 7 569 50 158 108 109 119 334 65 144 4 392 615 470 177 106 580 74 624 12 317 602 495 399 268 348 198 102 305 364 475 511 301 324 376 22 473 53 398 107 509 27 282 601 450 89 496 557 506 548 68 347 381 614 94 279 115 445 533 554 365 471 41 114 464 345 128 45 307 617 85 504 15 466 97 71 63 55 504 15 466 97 71 63 426 371 128 45 307 617 85 55 504 15 466 97 71 63 426 371 128 45 307 617 85 371 128 45 307 617 85 207 139 498 220 114 353 467 201 158 78 183 455 32 155 182 465 586 259 616 435 216 203 29 378 429 469 607 207 188 593 361 117 288 357 424 492 531 38 587 586 597 330 519 485 522 387 296 497 201 422 91 93 88 171 76 430 532 221 369 514 536 482 222 267 259 616 435 216 203 29 378 429 469 607 207 188 593 361 117 288 357 424 492 531 38 587 586 597 330 519 485 522 387 296 497 201 422 91 93 88 171 76 430 532 221 369 514 536 482 222 435 216 203 29 378 429 469 607 207 188 593 361 117 288 357 424 492 531 38 587 586 597 330 519 485 522 387 296 497 201 422 91 93 88 171 76 430 532 221 369 514 536 482 222 524 55 504 15 466 97 71 63 564 87 412 572 352 432 108 605 126 337 558 90 621 43 443 206 12 97 71 63 579 263 281 406 518 460 300 381 384 28 70 141 525 311 556 42 162 119 219 1 120 567 507 367 21 609 195 420 475 187 419 274 173 450 344 268 390 571 510 151 215 40 124 156 613 463 547 561 447 244 604 213 95
76245
743 744
743 745
743 746
743 747
743 748
743 749
743 750
743 751
743 752
743 753
743 754
743 755
743 756
743 757
743 758
743 759
743 760
743 761
743 762
743 763
743 764
743 765
743 916
743 767
743 768
743 769
743 770
743 771
743 772
743 773
743 774
743 775
743 776
743 777
743 778
743 779
743 780
743 967
743 782
743 783
743 784
743 1059
743 911
743 787
743 788
743 1103
743 790
743 791
743 792
743 793
743 910
743 1070
743 796
743 1101
743 798
743 799
743 800
743 801
743 802
743 803
743 804
743 805
743 806
743 807
743 808
743 809
743 1080
743 811
743 812
743 813
743 814
743 1119
743 816
743 817
743 818
743 819
743 820
743 1112
743 822
743 823
743 824
743 825
743 826
743 827
743 828
743 829
743 830
743 831
743 832
743 833
743 834
743 1117
743 836
743 837
743 838
743 839
743 840
743 841
743 842
743 1091
743 844
743 845
743 846
743 847
652 653
654 655
466 655
471 1109
761 0
749 474
0 0
462 463
777 0
1012 1013
1012 1014
1012 1015
1012 1016
1012 1017
1012 1018
1012 1019
1012 1020
1012 1021
1012 1022
1012 1023
1012 1024
1012 1025
1012 1026
1012 1027
1012 1028
1012 1029
1012 1030
1012 1031
1012 1032
1012 1033
1012 1034
1012 1035
1012 1036
1012 1037
1012 1038
1012 1039
1012 1040
1012 1041
1012 1042
1012 1043
1012 1044
1012 1045
1012 1046
1012 1047
1012 1048
1012 1049
1012 1050
1012 1051
1012 1052
1012 1053
1012 1054
1012 1055
967 1055
966 1055
1032 1055
917 1055
917 965
1037 965
754 478
487 488
782 495
1070 1071
0 0
764 0
0 0
1081 1082
1081 1083
1060 1083
1059 1083
1058 1083
1057 1083
1056 1083
1056 1064
1012 1064
1012 1065
1012 1066
1012 1067
1012 1068
1012 1069
1012 1071
1012 1072
1012 1073
1012 1074
1012 1075
966 1075
917 1075
916 1075
1084 1085
1081 1085
1080 1085
669 670
1060 667
1060 668
469 470
848 849
743 849
743 850
1027 850
0 0
802 0
802 0
770 0
903 904
903 905
1020 905
1032 905
753 0
788 0
897 898
897 899
897 900
897 901
896 901
889 901
1057 901
1058 901
967 901
1039 0
839 0
744 0
778 488
803 0
852 853
851 853
851 906
851 855
851 856
755 0
769 0
0 0
830 547
489 490
672 673
671 673
1082 503
1082 504
1082 505
1082 506
1082 507
741 742
1018 742
1012 738
1012 739
741 662
1084 662
657 662
0 1090
0 1090
0 0
0 0
0 0
0 0
0 476
0 476
1133 1134
1021 856
1028 742
763 742
575 739
741 739
808 739
0 507
0 0
0 0
656 662
656 668
656 670
654 670
654 673
652 673
903 673
889 673
0 673
0 673
656 673
966 673
1084 673
917 673
848 673
1056 673
1081 673
1028 673
1060 673
669 673
0 673
0 673
792 905
0 1090
0 0
0 0
0 0
0 0
0 0
0 0
0 0
0 908
752 908
0 0
0 0
0 0
0 0
0 0
799 0
747 0
0 0
0 0
542 543
542 544
542 545
542 547
542 548
542 549
542 550
542 551
542 552
542 553
542 554
542 555
542 856
542 563
542 564
542 565
542 566
542 567
542 1110
542 569
0 569
0 0
0 0
805 0
0 0
1064 0
1064 0
1064 0
768 0
0 0
807 0
798 0
1101 1102
827 0
0 0
833 0
0 0
509 510
509 511
509 512
509 513
508 513
508 514
508 515
508 516
801 516
0 0
1114 1115
0 0
1134 459
814 459
1065 0
0 0
779 0
0 0
0 0
0 0
0 0
0 0
0 0
460 461
460 463
460 464
460 465
1134 465
1068 465
1068 655
1068 470
1068 1109
1068 474
1068 475
460 475
460 0
1134 0
0 0
811 0
1074 1108
0 0
484 485
817 485
0 1090
0 0
1135 1136
904 0
809 0
0 0
762 0
1103 1104
1103 1105
0 0
0 0
0 0
838 0
466 0
1112 1113
0 0
775 0
847 0
847 0
847 0
0 0
1120 1121
1120 1122
1120 1123
1120 1124
1119 1124
1118 1124
1118 1125
1117 1125
0 0
0 0
1037 0
469 0
0 0
0 0
0 0
462 0
0 0
566 0
0 0
0 0
0 0
0 0
0 0
791 0
825 0
476 478
476 479
476 480
476 481
476 482
476 485
476 488
476 490
476 491
476 492
476 493
476 495
476 496
476 497
476 498
476 499
476 500
476 501
0 501
0 501
0 0
0 739
0 0
0 0
0 0
0 0
796 0
0 0
0 0
0 0
1091 1092
1110 1111
1109 1111
1108 1111
482 0
0 0
1070 0
770 459
0 459
0 0
0 0
1014 0
804 0
545 0
1092 0
1125 0
1125 0
1125 0
1125 0
1125 0
1125 0
1125 0
1125 0
1125 0
1125 0
1125 0
1125 0
1125 0
1125 0
1125 0
1125 0
1125 0
1120 0
1118 0
0 0
0 0
487 0
667 0
0 0
1036 0
0 0
0 0
0 0
1106 1107
662 0
834 0
840 0
757 507
0 0
0 0
751 0
0 0
0 0
0 0
0 0
0 0
0 0
0 0
0 0
0 0
0 0
0 0
0 0
0 0
0 0
0 0
0 0
0 0
0 1108
0 0
0 0
0 0
0 0
0 0
0 0
1031 0
478 0
567 0
0 0
1107 0
1090 1092
813 0
0 0
0 0
0 0
846 0
0 0
0 0
0 0
0 0
0 459
823 459
0 459
1072 459
912 913
911 913
910 913
1041 913
908 913
907 913
906 913
906 914
906 915
906 1075
906 1076
906 1077
906 1078
906 1079
906 1085
906 1086
906 1087
906 1088
906 1089
906 1092
906 1093
906 1094
906 1095
906 1096
906 1097
1020 1097
896 1097
896 1098
896 1099
896 1100
896 1102
896 1105
896 1107
896 1111
896 1113
896 1115
1057 1115
1058 1115
897 1115
851 1115
743 1115
1018 1115
1012 1115
1012 1116
1012 1125
1012 1126
1012 1127
1012 1128
1012 1129
1012 1130
889 1130
741 1130
672 1130
542 1130
903 1130
508 1130
1082 1130
476 1130
1068 1130
1012 1130
1012 1131
1012 1132
1012 1134
1012 1136
