3125
8 6 23 43
4 11 37 43
10 11 38 60
9 6 38 53
6 10 44 59
7 11 60 49
4 2 27 59
8 7 23 48
8 11 35 27
6 7 44 53
6 9 40 44
9 6 22 56
6 9 41 54
8 4 45 26
3 8 42 50
8 11 30 39
10 11 43 37
6 3 59 29
8 4 52 47
7 11 54 31
8 6 22 35
8 11 26 58
4 4 47 60
11 8 38 22
9 6 27 49
7 11 41 60
11 8 54 30
6 9 56 24
7 11 49 58
11 3 54 36
11 6 39 33
8 8 34 33
4 2 48 38
11 8 32 37
6 7 43 32
3 8 33 44
6 7 49 50
6 9 38 54
6 10 36 50
8 7 51 33
11 8 39 50
4 4 40 55
6 10 54 42
7 4 47 51
3 4 40 53
6 9 55 48
11 6 47 46
4 6 43 27
7 4 53 30
11 6 36 24
11 6 28 56
2 8 44 38
6 9 33 37
8 8 30 56
4 6 30 42
6 9 26 43
11 8 46 51
6 3 27 53
3 8 42 30
4 2 25 58
2 8 48 36
11 11 22 34
7 11 51 31
8 11 23 44
11 8 41 43
8 6 37 42
11 3 32 43
9 6 52 45
7 4 54 58
7 11 55 45
4 11 35 48
8 11 34 42
4 2 31 35
4 6 56 29
6 9 24 29
4 11 60 27
4 4 54 59
3 4 60 30
11 8 49 26
4 11 55 31
11 8 32 56
11 6 59 43
11 3 39 46
4 11 54 45
11 8 44 30
8 7 32 52
7 4 23 22
4 2 55 43
6 7 32 42
6 3 35 29
11 6 60 22
8 8 27 37
3 8 24 40
6 10 28 28
4 4 52 32
4 2 34 23
6 9 46 49
8 11 57 34
8 8 60 33
2 8 26 33
6 10 35 59
6 3 29 39
6 7 60 46
8 8 51 57
9 6 36 33
7 11 47 31
8 4 60 25
8 7 51 56
11 3 39 26
2 8 24 28
8 6 53 49
11 11 22 22
6 7 35 46
6 9 34 54
8 11 27 38
10 11 40 27
2 8 32 29
3 4 49 59
8 4 48 34
7 4 53 40
8 11 22 22
7 4 34 41
11 6 60 25
6 7 52 27
4 11 25 29
11 8 22 23
11 6 54 24
7 11 45 50
11 8 57 52
2 8 37 46
4 4 51 31
4 6 59 50
7 11 35 36
6 7 60 32
8 7 51 24
11 8 36 27
2 8 37 37
3 4 37 36
4 11 52 22
11 8 42 49
4 11 48 22
4 11 42 49
6 3 22 51
2 8 31 34
6 7 29 22
4 4 60 58
10 11 26 47
6 10 58 46
9 6 24 53
4 2 43 30
7 11 49 39
6 3 60 49
9 6 46 53
4 11 50 58
4 6 35 24
11 6 58 37
4 6 38 50
8 6 22 57
6 10 50 56
11 3 60 38
3 8 53 27
8 7 34 36
7 11 22 38
4 2 52 25
8 7 28 54
10 11 24 22
6 3 28 41
6 9 36 52
4 6 45 36
6 9 24 54
8 8 43 49
6 10 22 59
6 9 22 40
3 8 31 30
7 11 57 59
3 8 59 27
3 4 35 58
10 11 49 43
6 9 52 46
7 4 35 41
11 6 40 26
4 6 31 24
8 7 32 57
9 6 29 24
6 3 54 43
11 11 59 57
8 6 47 50
11 8 31 55
4 4 60 55
9 6 27 27
7 11 29 22
11 3 26 57
11 3 44 24
11 8 36 39
11 3 58 28
8 6 26 27
11 8 56 27
8 6 30 32
2 8 47 45
7 4 48 60
3 8 58 28
4 4 36 57
3 8 40 34
6 9 30 43
11 3 25 60
8 7 59 39
10 11 48 54
11 8 53 57
10 11 33 52
11 3 25 56
8 6 44 27
6 10 34 32
10 11 28 41
4 6 55 46
4 4 23 46
6 10 27 32
4 6 34 32
6 3 46 50
11 11 28 45
6 10 45 32
6 9 43 24
8 11 43 51
7 4 46 25
6 3 54 28
7 4 30 52
11 11 48 33
6 3 49 31
8 4 60 53
11 11 46 33
11 11 25 51
8 11 27 58
11 11 31 58
8 6 51 53
8 7 54 50
6 3 51 45
8 6 59 22
6 3 27 23
8 7 49 40
11 3 44 49
11 8 38 25
6 3 25 52
3 4 59 27
8 6 45 59
9 6 22 44
11 11 33 47
6 10 40 25
11 8 24 47
2 8 28 59
2 8 35 44
8 4 55 23
4 2 36 51
4 4 34 60
6 9 31 30
9 6 37 57
8 4 58 58
6 10 37 45
3 4 24 43
8 8 57 48
11 3 56 52
6 9 50 28
4 4 28 25
11 8 49 58
9 6 36 43
3 8 60 56
9 6 57 26
8 11 35 42
4 4 37 32
8 8 36 59
2 8 60 38
2 8 57 39
11 8 46 32
3 4 23 40
3 8 24 38
8 7 45 33
6 9 37 31
4 2 37 60
11 6 31 49
6 10 52 57
11 3 46 40
8 8 53 22
8 6 22 22
6 9 42 26
4 4 39 48
11 8 33 54
8 11 42 49
6 7 39 23
6 10 27 55
11 6 40 29
11 3 36 47
9 6 60 34
11 8 37 28
4 11 53 52
2 8 44 23
4 6 34 49
8 4 25 49
6 7 35 26
4 2 26 42
4 2 46 24
8 8 44 34
11 8 36 39
4 2 42 55
8 11 37 50
4 11 31 46
10 11 60 36
11 11 59 27
7 11 34 30
3 4 31 25
3 8 35 53
7 4 38 49
3 4 31 57
3 8 41 27
3 4 49 54
3 8 49 24
11 8 24 43
6 3 36 34
7 4 60 29
11 8 30 42
8 8 52 27
8 11 41 38
6 3 43 35
4 4 38 32
10 11 28 26
8 7 23 44
8 7 34 24
6 3 36 56
11 8 34 34
4 2 41 34
11 3 39 27
11 6 46 42
2 8 42 45
4 4 37 53
11 8 60 39
10 11 42 58
7 4 55 59
11 8 37 35
6 10 27 23
8 11 55 45
4 11 26 48
11 8 38 43
4 4 51 26
3 8 49 30
8 7 56 45
7 11 41 59
6 3 25 57
11 6 30 60
9 6 41 52
3 4 44 34
6 3 33 36
4 11 52 33
3 8 25 34
8 8 31 30
6 9 58 40
8 6 54 48
4 2 36 41
9 6 53 42
4 11 28 22
2 8 43 24
8 11 31 46
11 3 42 57
6 10 57 24
8 4 25 28
4 4 25 27
8 4 39 39
3 8 56 38
3 4 24 29
8 11 31 57
11 11 60 27
8 6 49 38
6 7 38 47
4 6 48 42
9 6 47 35
7 11 47 29
8 11 28 35
8 6 27 44
7 4 34 57
3 4 40 49
6 3 57 22
8 6 38 51
4 11 44 44
6 7 35 28
8 8 46 32
6 9 55 27
2 8 41 25
8 11 22 24
3 4 45 36
11 8 51 58
8 7 54 41
8 8 38 40
8 6 24 28
6 3 31 42
6 7 45 28
11 11 59 45
9 6 34 40
2 8 25 32
8 6 52 32
7 4 24 23
10 11 37 51
7 4 55 55
8 7 51 43
11 6 55 39
6 9 37 36
6 3 27 37
11 3 44 41
8 6 53 37
6 9 52 42
4 11 60 56
7 11 38 50
11 11 59 31
9 6 38 23
4 11 34 56
3 4 56 43
10 11 45 56
10 11 27 48
4 2 25 24
2 8 43 47
11 11 45 31
7 11 47 24
4 11 51 52
8 11 40 28
8 7 25 56
11 8 29 44
9 6 26 56
11 6 27 27
11 6 30 29
11 11 23 46
6 10 36 22
7 11 36 59
8 8 58 22
2 8 45 49
4 4 37 28
4 11 41 30
11 8 49 30
9 6 34 55
6 7 58 42
4 2 26 57
8 6 44 45
8 6 23 58
2 8 30 25
8 11 26 22
11 8 22 45
6 3 30 32
10 11 50 49
7 11 51 59
9 6 52 57
8 4 50 22
6 10 60 23
2 8 29 41
2 8 58 58
11 8 51 23
8 7 32 28
8 4 54 45
11 6 49 29
4 6 44 58
7 4 42 23
8 7 52 37
9 6 60 35
4 6 26 36
7 11 50 26
4 6 45 34
11 8 60 48
11 8 48 46
7 4 29 33
8 11 30 36
4 6 26 38
11 8 53 51
6 10 41 32
9 6 36 41
6 7 31 33
3 8 34 22
11 3 56 25
4 4 58 28
7 4 28 24
11 6 40 58
8 11 51 25
11 11 58 28
7 4 33 45
3 8 37 51
8 6 50 49
4 4 50 48
6 10 22 27
8 11 37 50
8 6 29 39
7 11 49 32
11 8 42 39
3 8 28 42
8 7 41 48
4 6 39 50
6 3 33 47
6 7 25 45
6 7 57 29
3 4 36 49
10 11 49 45
8 11 33 24
6 3 26 41
6 7 34 57
3 4 52 31
8 7 57 39
4 4 44 41
3 8 57 25
4 4 26 31
9 6 48 41
6 10 50 37
2 8 45 39
8 4 42 32
8 8 43 56
11 6 44 52
8 11 31 51
10 11 52 40
11 3 50 51
11 8 47 47
6 7 31 59
4 11 27 55
11 8 42 34
10 11 42 34
7 11 41 45
4 6 45 46
11 8 38 56
10 11 52 51
4 11 29 51
10 11 58 36
9 6 60 57
8 8 50 28
4 6 22 53
4 4 52 25
6 9 45 28
3 8 52 50
6 3 53 52
3 4 55 30
11 8 44 25
2 8 29 35
4 2 23 32
11 3 48 44
8 8 33 50
4 2 34 47
11 11 49 34
4 11 56 47
11 6 36 41
11 8 56 50
4 6 48 40
11 3 32 53
6 3 37 32
6 7 51 30
8 7 37 58
7 4 39 43
8 11 42 44
8 4 36 60
2 8 51 44
9 6 48 22
10 11 29 57
11 8 26 26
4 6 44 25
11 6 30 40
2 8 32 54
4 2 48 57
8 7 33 54
4 2 45 60
8 7 29 57
4 2 56 42
11 3 28 29
4 4 25 23
11 11 34 53
11 6 45 34
6 10 26 53
9 6 53 24
11 8 39 40
10 11 24 27
4 2 26 48
3 4 54 42
6 9 59 40
4 6 48 22
8 11 54 51
6 3 46 22
11 8 53 27
9 6 60 28
10 11 51 51
6 9 39 49
3 4 36 51
11 3 42 28
4 6 27 59
11 8 37 44
6 7 52 43
4 2 24 29
6 7 54 37
8 8 31 43
4 11 34 35
4 4 49 36
8 4 32 30
9 6 43 49
11 8 40 24
11 8 26 31
6 3 28 33
11 8 27 41
7 4 25 44
8 4 44 35
3 4 40 35
6 10 60 50
7 11 51 33
6 3 30 27
8 4 30 38
7 4 28 60
4 6 38 49
8 8 41 32
4 6 56 37
11 3 31 44
6 3 45 40
10 11 32 29
11 3 51 32
4 2 26 35
8 11 57 54
8 11 59 49
7 11 45 31
3 4 35 48
4 4 54 31
4 4 30 25
8 6 50 24
9 6 40 27
9 6 45 29
6 10 57 57
6 7 54 49
8 4 47 43
11 6 55 57
7 11 39 39
6 7 24 44
10 11 42 51
8 8 60 26
6 9 22 39
4 6 24 48
11 8 53 40
8 7 40 56
4 6 51 56
4 4 26 46
6 9 51 39
4 6 47 41
11 3 46 36
9 6 33 27
11 3 29 45
9 6 29 34
6 3 39 47
8 4 37 25
8 4 58 51
4 6 35 39
8 7 53 49
6 3 28 40
4 4 39 36
4 4 24 49
8 6 60 38
8 8 29 40
8 11 39 26
6 9 47 50
9 6 33 60
11 8 23 41
11 8 47 57
7 4 27 40
9 6 28 33
8 7 30 60
8 8 42 60
11 3 23 44
8 4 53 47
11 11 39 57
4 2 37 32
6 10 38 28
8 6 49 48
6 7 57 57
8 7 39 57
6 3 46 27
11 6 22 51
4 2 40 50
4 4 56 47
4 11 33 51
4 6 30 57
11 8 51 29
11 11 39 51
10 11 23 49
11 3 37 60
2 8 52 56
8 8 34 55
9 6 45 45
4 2 44 26
4 4 52 43
9 6 49 49
6 7 33 46
11 11 31 51
11 11 44 57
6 9 43 39
4 11 54 24
8 7 58 50
6 7 36 42
8 11 41 22
8 6 42 31
6 9 37 29
8 7 56 60
6 10 53 55
11 6 47 36
8 8 38 40
4 11 34 46
7 11 42 57
10 11 36 53
11 3 42 28
6 9 39 49
6 9 22 45
11 3 58 31
11 6 43 43
4 6 45 25
6 10 49 54
7 4 42 52
4 11 54 27
11 6 22 51
11 6 47 60
11 6 27 45
3 4 47 52
8 11 45 24
6 10 35 47
3 8 49 29
8 11 57 57
11 6 57 51
8 6 31 46
4 11 51 51
6 7 37 44
4 11 50 36
8 7 27 54
3 4 25 52
4 4 29 26
8 11 30 60
4 4 44 28
3 8 42 50
3 4 27 54
11 6 42 54
9 6 49 38
11 11 54 53
8 7 55 31
9 6 28 55
6 3 44 34
2 8 51 47
10 11 39 54
6 7 47 51
11 6 32 59
7 4 25 33
4 2 50 52
6 3 57 43
11 11 32 31
11 11 58 40
8 7 24 28
4 2 26 34
6 7 34 55
6 9 55 49
8 4 42 56
8 7 29 58
4 11 44 47
7 11 42 57
4 11 52 54
6 9 50 24
11 6 44 44
7 11 49 29
2 8 34 41
3 8 23 24
11 8 24 28
3 8 29 53
6 7 41 55
7 11 41 43
11 8 46 28
4 4 55 54
10 11 60 23
6 3 28 57
3 8 43 29
11 3 53 44
11 8 32 47
9 6 57 25
7 4 56 41
8 7 60 56
7 11 42 46
11 3 34 50
6 7 60 47
3 8 41 44
11 11 51 47
11 6 59 34
6 3 58 38
6 9 46 47
8 8 56 46
6 7 59 32
6 10 39 50
8 6 51 34
8 7 35 56
6 9 60 49
8 6 45 35
11 11 47 27
9 6 47 43
8 6 24 41
7 4 26 51
4 6 54 55
2 8 54 51
10 11 29 23
11 3 41 33
9 6 38 52
10 11 49 42
8 8 43 27
2 8 58 45
3 8 54 52
10 11 27 26
3 8 40 29
4 2 26 33
9 6 46 45
8 6 26 44
4 6 25 60
7 4 24 53
7 4 30 23
6 3 49 28
4 2 60 24
4 11 53 47
3 8 47 38
4 11 54 48
3 8 57 28
7 4 42 57
11 8 24 33
3 8 32 30
7 4 28 22
8 11 53 51
8 4 40 32
8 6 57 51
7 11 60 37
8 7 55 39
10 11 22 25
6 9 26 38
8 8 60 54
6 3 35 37
2 8 29 28
11 3 51 29
11 11 25 44
2 8 28 42
4 4 44 46
11 11 45 26
8 11 37 56
4 11 44 46
7 11 29 36
7 4 39 53
3 8 36 34
4 11 45 56
4 4 31 58
6 3 43 42
7 11 57 38
8 8 57 46
2 8 46 41
8 7 22 38
11 6 32 47
11 3 27 24
8 4 29 25
4 2 34 46
8 4 57 53
11 3 45 34
4 11 39 26
11 3 60 56
6 3 26 29
6 3 50 60
3 4 31 37
11 8 52 51
8 7 32 27
4 4 24 44
3 4 46 43
6 9 47 57
11 11 49 52
4 11 36 43
7 4 50 34
7 4 53 25
11 3 40 28
8 11 25 46
11 8 39 24
4 6 44 25
4 4 59 43
6 10 52 27
4 4 53 53
9 6 36 28
6 9 41 30
3 8 44 35
11 6 49 59
10 11 45 29
11 8 54 52
8 7 51 51
6 3 46 22
11 11 24 35
11 6 42 57
6 9 60 55
8 7 51 32
8 11 51 33
4 4 49 44
11 11 54 29
3 4 47 59
8 4 49 43
6 10 32 48
8 4 31 40
8 7 51 22
8 11 56 57
3 8 58 60
8 4 41 29
4 11 34 51
4 11 37 42
4 6 33 46
4 11 22 46
7 11 37 41
8 7 29 56
7 4 46 23
3 8 22 39
6 9 36 28
11 11 41 22
4 6 42 27
7 4 33 52
4 11 58 30
6 10 38 56
4 6 43 38
4 11 60 59
4 11 48 24
8 4 42 28
11 8 25 39
11 11 51 30
4 6 31 53
4 11 58 31
7 11 56 27
11 8 38 47
9 6 55 60
6 3 28 33
8 6 40 35
4 11 38 30
3 4 22 46
8 7 33 26
11 6 33 50
11 3 33 28
3 8 42 33
4 6 42 37
4 6 29 56
2 8 42 58
7 11 33 45
11 8 24 37
6 9 36 28
7 4 24 27
2 8 38 53
3 8 53 25
7 4 46 57
3 8 32 23
4 6 59 55
8 8 54 25
6 7 28 26
6 9 51 39
2 8 53 31
6 10 46 39
3 8 54 34
4 6 25 27
11 3 57 31
6 10 47 43
6 7 52 50
3 4 56 27
6 7 54 24
8 11 42 46
8 4 59 24
6 9 36 38
6 9 38 39
11 8 23 29
11 11 39 39
2 8 33 28
3 8 38 24
9 6 51 56
4 4 36 34
7 11 34 45
11 8 54 41
2 8 37 48
6 9 48 39
8 8 32 56
11 8 33 51
8 6 41 36
6 9 54 38
4 2 30 37
6 3 43 48
8 6 60 50
8 8 48 22
7 11 47 28
3 4 33 29
8 11 40 25
6 7 57 31
8 4 41 57
11 11 39 29
8 6 53 25
2 8 44 25
3 4 32 37
6 7 23 49
3 8 37 46
8 8 26 51
4 2 29 51
3 4 22 58
8 7 23 36
6 10 26 40
4 6 30 27
4 11 25 38
8 4 34 58
11 3 53 53
6 10 50 23
8 8 42 55
11 8 50 32
4 2 48 43
8 11 47 51
7 11 60 53
10 11 46 44
7 11 48 46
7 11 36 41
8 6 54 46
10 11 22 54
11 11 41 46
11 8 58 37
8 4 45 30
6 10 39 31
8 8 49 41
6 3 60 33
8 7 50 58
9 6 45 56
4 11 38 43
4 4 22 55
6 7 46 31
7 4 25 28
11 8 43 48
9 6 33 30
4 6 59 25
10 11 60 55
11 3 30 45
8 11 43 24
7 4 54 22
8 6 40 43
4 11 33 55
7 11 58 53
6 7 28 49
8 11 36 39
4 2 22 51
4 6 35 59
9 6 42 41
8 11 33 51
2 8 36 45
10 11 35 59
3 4 60 34
6 9 39 37
3 4 30 33
11 3 35 36
3 4 23 50
4 4 25 23
4 2 53 54
9 6 49 57
6 9 60 60
10 11 51 23
7 11 47 35
10 11 45 50
6 7 26 54
2 8 27 53
6 3 55 23
6 7 22 32
11 8 59 25
11 6 49 23
8 6 49 31
11 3 50 40
3 4 56 55
8 7 36 35
8 7 45 42
6 9 23 29
4 4 41 22
8 7 22 31
8 4 29 34
4 2 31 39
11 3 24 56
11 6 31 43
3 4 35 26
6 7 47 26
8 8 30 36
4 4 40 25
7 11 43 32
8 4 27 32
4 6 30 26
6 3 59 49
11 6 35 36
8 4 39 38
4 2 22 48
11 11 38 25
8 6 26 47
11 11 33 32
4 6 34 39
8 7 27 22
8 6 60 46
4 4 24 57
4 11 37 28
11 3 37 45
6 3 44 55
8 11 39 43
6 10 34 43
8 11 29 59
8 11 23 30
8 4 33 49
3 8 23 24
8 4 48 33
4 4 24 43
9 6 40 59
11 8 42 28
4 2 40 25
3 4 53 52
11 6 39 59
6 3 30 43
8 7 22 43
8 7 58 35
6 9 56 54
6 7 58 36
11 11 30 33
8 4 51 46
2 8 54 24
8 11 50 41
8 4 41 54
6 3 49 47
4 4 41 22
7 11 53 27
11 8 38 40
11 6 37 24
6 3 28 32
11 8 26 47
4 4 45 58
8 6 33 33
9 6 33 37
8 4 47 28
8 8 35 27
11 6 26 52
3 4 58 38
4 11 43 39
7 11 50 26
4 4 25 26
10 11 49 51
8 6 53 28
8 7 48 53
4 2 37 48
8 11 43 55
8 8 57 41
8 7 58 30
11 8 44 52
6 7 36 31
8 7 36 51
8 4 47 56
11 6 23 35
2 8 50 39
8 8 53 28
10 11 51 54
8 7 31 35
6 3 38 47
8 11 34 41
6 3 26 35
11 6 33 28
11 3 39 44
7 11 49 23
11 3 39 24
11 11 50 37
2 8 32 51
11 8 58 58
6 9 42 49
8 7 41 48
8 8 47 42
11 6 26 39
8 4 33 32
11 3 32 42
8 6 47 44
10 11 26 29
8 4 48 54
8 11 31 59
11 6 37 55
3 4 33 42
3 4 44 36
7 4 35 59
8 8 26 28
4 11 23 41
7 4 33 57
4 11 40 42
4 11 42 36
3 4 29 50
7 4 57 25
4 11 35 51
11 3 55 37
8 8 50 52
3 4 48 38
10 11 25 58
11 6 24 55
11 6 60 50
2 8 28 27
8 6 37 58
7 4 34 53
3 8 31 35
9 6 48 58
11 11 32 24
11 3 36 36
4 2 40 23
8 8 48 48
4 4 49 29
8 6 58 45
6 7 48 40
11 8 26 26
10 11 36 31
11 11 33 38
9 6 24 48
6 10 59 34
11 3 45 34
9 6 41 57
8 6 42 38
8 7 52 43
3 4 32 47
8 6 23 29
8 11 25 40
7 11 31 55
8 11 33 59
4 11 46 32
8 8 34 55
11 8 49 40
6 10 57 54
6 3 42 29
7 11 59 57
8 4 43 29
8 11 22 54
8 6 47 49
4 2 36 56
11 8 30 36
8 4 39 57
8 6 39 45
6 9 44 33
8 6 26 37
7 11 53 35
8 7 26 55
4 4 39 36
3 8 36 41
3 8 59 60
8 11 36 24
6 7 43 55
6 9 41 34
7 4 36 37
2 8 51 51
11 3 27 33
6 10 37 28
11 3 49 51
7 11 36 25
4 2 53 60
3 4 56 37
6 3 43 23
6 7 53 29
10 11 59 54
3 4 35 22
9 6 56 31
7 4 33 27
8 7 35 38
4 4 40 59
8 6 56 23
3 4 35 46
8 7 53 29
3 4 23 38
7 11 35 49
7 4 36 48
9 6 22 50
7 4 25 51
9 6 42 25
2 8 58 35
8 11 44 25
6 9 52 43
11 3 30 33
11 8 27 37
6 3 57 48
8 4 51 51
6 7 37 32
3 8 32 48
4 2 41 59
8 6 51 26
8 4 26 35
8 4 35 40
11 3 51 34
11 3 23 31
4 11 28 37
4 11 39 45
8 4 47 54
8 11 48 38
6 3 27 23
4 11 43 31
3 4 27 54
7 11 28 31
4 11 39 22
3 8 44 59
6 10 52 60
8 8 58 46
6 7 53 49
3 8 26 28
8 4 45 46
8 4 46 47
8 11 32 40
7 4 44 54
8 4 56 49
11 3 54 54
10 11 24 34
3 4 27 58
8 6 46 30
8 7 31 24
11 11 23 23
8 7 40 28
4 6 39 39
8 8 25 22
2 8 44 57
4 6 41 37
6 9 49 43
11 11 36 24
4 6 41 39
3 4 57 23
6 9 53 23
11 8 37 38
11 8 23 30
6 10 26 51
8 4 33 22
4 4 50 27
3 4 40 29
11 8 36 23
6 10 24 43
3 4 22 50
11 8 48 47
3 8 29 36
11 3 43 37
4 6 32 32
11 6 32 38
6 9 49 57
4 4 30 42
11 11 36 26
6 10 28 25
3 4 35 52
11 8 35 27
10 11 44 27
7 4 36 39
9 6 58 45
11 11 54 25
9 6 29 57
8 8 22 50
11 8 40 27
8 4 32 37
3 4 48 35
11 11 35 29
10 11 50 51
10 11 29 30
4 11 60 36
8 7 57 37
8 6 46 52
3 8 38 53
6 9 54 54
9 6 42 39
2 8 45 39
4 4 22 41
11 8 38 47
4 11 25 39
8 4 22 47
6 9 51 57
9 6 60 46
11 11 52 39
7 11 24 60
7 4 41 38
7 4 42 47
8 6 29 51
4 4 37 34
11 8 52 41
11 8 22 34
4 6 45 57
2 8 49 37
11 11 25 40
6 3 31 32
9 6 37 60
8 7 32 29
11 8 41 35
7 11 41 39
11 8 40 28
6 3 30 44
6 10 58 38
11 8 40 43
7 4 57 50
6 10 34 54
6 7 59 24
8 8 30 53
6 10 37 31
11 6 59 31
6 7 59 31
11 8 30 26
4 11 27 24
6 10 23 30
6 10 59 46
4 2 37 42
11 8 36 54
6 3 37 24
6 9 54 50
11 6 49 49
6 9 41 54
8 8 53 46
4 6 50 49
9 6 55 42
3 8 37 57
11 8 24 57
7 4 26 25
4 2 22 45
8 8 32 59
10 11 59 32
7 4 37 59
8 6 28 28
10 11 36 24
8 6 46 33
11 3 37 27
8 11 27 22
6 7 44 26
11 3 32 55
11 6 30 43
4 6 30 60
8 4 27 25
11 11 40 48
11 8 59 23
11 8 25 24
4 4 50 57
11 3 22 55
11 3 23 39
11 8 40 34
7 4 40 27
9 6 51 39
11 8 50 36
11 11 39 29
4 4 29 23
11 11 37 47
8 8 40 54
10 11 27 42
6 9 52 38
3 8 25 22
7 4 30 51
8 11 34 47
10 11 52 36
8 11 58 47
4 4 25 30
4 2 56 46
11 6 52 37
6 10 42 54
6 7 52 34
8 4 26 49
4 2 31 26
6 10 40 42
6 7 58 45
9 6 42 42
4 4 30 26
8 8 60 49
7 4 32 49
11 11 24 42
6 10 60 38
4 2 40 41
11 8 31 42
4 6 54 47
6 3 38 47
2 8 29 44
4 4 55 32
6 7 40 39
6 3 34 53
8 6 38 59
6 3 32 42
3 8 22 30
8 4 51 41
11 6 37 58
7 11 31 27
10 11 40 57
11 8 41 56
7 11 44 51
7 4 49 47
8 11 36 28
6 10 47 22
7 4 52 44
8 6 42 24
8 11 49 37
3 8 32 36
10 11 41 60
7 11 55 39
2 8 42 23
11 3 39 50
8 7 44 34
2 8 27 35
7 4 37 33
4 2 32 27
11 8 39 58
4 2 50 58
6 3 59 41
7 11 32 55
10 11 34 55
11 8 46 28
6 9 60 54
11 11 50 59
8 4 27 54
6 10 28 28
11 8 47 40
4 4 27 60
11 8 47 33
8 4 32 57
11 11 28 30
11 8 34 41
4 4 30 35
11 8 22 58
6 3 40 35
6 10 46 28
4 11 27 37
6 9 25 53
4 4 36 42
4 6 39 24
7 11 44 43
6 9 37 23
6 9 59 46
6 7 41 39
8 7 33 34
3 8 59 23
11 8 23 44
3 8 31 46
9 6 57 51
11 3 27 35
8 8 44 47
11 6 34 43
6 3 35 51
6 7 35 59
8 8 58 59
8 11 27 30
11 8 30 46
4 11 25 41
8 4 37 41
7 11 51 39
8 11 26 24
6 10 26 28
4 11 43 30
9 6 39 57
7 4 50 54
6 7 45 25
11 8 33 54
2 8 60 48
2 8 45 51
10 11 50 39
8 8 57 45
10 11 53 44
4 6 37 56
8 6 24 43
3 8 34 34
11 8 40 26
9 6 57 58
6 10 30 30
6 9 24 58
3 8 45 58
4 11 34 38
3 4 26 49
4 2 27 42
3 4 24 50
6 10 35 58
11 11 31 40
7 4 34 39
11 8 44 22
2 8 32 29
3 4 33 31
8 4 31 42
6 7 48 59
6 3 39 56
11 8 57 55
3 4 57 28
4 6 24 33
11 11 58 43
2 8 56 32
6 7 56 48
4 2 51 27
9 6 35 37
9 6 38 44
4 11 33 53
8 8 30 34
11 3 37 24
11 8 58 51
11 6 53 47
6 9 51 55
8 11 58 30
8 8 51 28
11 6 38 50
8 11 57 40
8 6 22 53
6 9 52 50
4 11 30 46
10 11 40 39
9 6 45 44
7 11 45 38
4 2 43 30
8 4 57 42
10 11 47 27
11 8 29 34
10 11 50 56
2 8 50 58
4 2 29 29
4 6 58 41
3 8 32 27
6 3 58 51
6 7 54 29
7 11 26 52
4 2 54 54
4 4 30 28
4 2 33 49
9 6 47 32
8 8 24 50
6 7 23 49
4 11 22 41
4 4 49 28
7 11 23 44
9 6 42 47
6 7 43 34
4 6 53 31
11 6 31 44
8 6 47 60
7 11 40 52
8 7 31 53
8 11 24 35
2 8 43 35
4 6 59 42
11 11 49 25
11 3 41 58
3 8 44 54
4 4 41 35
11 8 52 23
4 11 52 47
11 8 33 45
8 7 40 49
6 10 38 37
4 6 33 24
3 8 58 38
11 6 28 23
11 3 51 25
3 8 47 55
11 8 58 53
2 8 22 60
3 4 40 32
7 4 38 54
11 8 37 41
6 3 33 51
7 11 33 36
6 10 33 56
10 11 22 44
11 8 48 24
4 4 42 39
4 2 54 34
11 11 60 56
11 8 23 41
8 8 26 50
11 8 41 49
8 7 34 29
8 7 27 56
10 11 23 32
11 11 28 23
8 4 59 54
6 9 25 39
7 11 37 42
11 3 35 60
8 6 45 25
8 7 36 26
4 11 40 31
3 8 46 40
6 3 50 31
11 8 45 59
11 6 53 25
4 6 51 56
11 11 39 52
11 11 38 25
3 8 40 57
8 8 48 51
7 4 58 56
6 3 52 58
3 8 56 52
8 7 37 43
8 11 45 34
6 10 56 54
4 2 57 43
11 8 49 51
2 8 58 52
8 6 31 25
11 3 37 40
11 6 37 35
4 2 51 42
11 11 34 50
9 6 36 44
3 4 52 46
3 8 34 31
8 4 46 44
6 3 24 60
11 11 44 57
11 3 39 42
8 8 24 48
7 4 33 50
11 11 28 29
6 3 42 27
8 4 55 58
11 3 55 53
6 3 39 48
11 8 36 55
8 8 37 56
11 8 53 23
11 8 22 40
7 11 50 31
11 11 37 28
3 4 48 45
10 11 30 54
4 4 36 53
6 10 39 53
11 11 43 37
11 8 54 31
11 3 54 52
8 8 60 41
3 4 25 49
10 11 52 52
11 3 50 50
4 2 35 38
8 8 37 34
7 4 27 57
11 8 56 22
4 6 51 45
6 7 31 44
11 8 57 44
2 8 53 24
4 4 33 32
3 4 56 46
8 8 43 26
4 4 39 52
3 4 46 48
8 6 60 53
8 8 42 36
6 3 31 33
3 8 58 40
9 6 45 59
4 4 25 25
4 4 33 50
8 7 48 33
4 6 28 23
7 11 48 52
11 3 42 22
10 11 41 39
7 4 24 60
8 8 27 45
11 8 51 54
11 3 59 29
8 4 35 37
4 6 41 59
8 7 37 57
3 4 25 22
4 4 51 53
3 8 50 34
4 4 53 41
8 11 26 39
8 11 26 35
2 8 35 52
11 8 42 38
11 8 25 49
4 4 29 27
8 6 34 24
7 11 52 30
4 6 43 27
8 8 51 60
3 8 22 43
4 6 40 47
6 9 55 49
11 8 31 27
4 2 55 30
3 4 38 33
7 4 50 50
4 6 28 34
6 9 29 54
7 4 57 53
6 10 39 58
8 7 44 35
11 8 51 53
10 11 39 36
11 6 34 57
11 8 36 48
11 11 25 49
10 11 35 53
8 7 29 42
6 10 42 58
11 8 26 28
3 8 43 42
3 4 59 42
6 10 28 29
11 6 34 58
11 8 56 51
11 8 50 23
6 9 26 36
8 4 57 41
8 4 42 43
8 7 27 59
8 4 56 58
11 11 35 24
8 8 24 36
11 3 37 58
10 11 49 44
8 7 46 56
4 6 41 33
2 8 32 46
7 11 29 50
8 6 33 51
4 11 56 55
4 4 49 47
11 8 38 36
11 6 23 29
3 8 58 44
11 8 54 48
4 11 51 35
9 6 55 40
7 11 28 43
11 8 51 44
6 10 58 47
7 11 41 31
11 6 56 58
8 8 60 58
6 9 46 48
11 8 56 47
7 11 24 54
4 11 32 25
11 11 55 38
11 6 31 26
6 7 48 22
11 8 54 38
11 8 26 57
9 6 56 31
6 10 26 55
11 6 38 60
2 8 25 30
4 6 57 58
6 9 32 51
6 9 46 38
8 11 55 32
4 2 36 34
6 9 34 54
8 11 39 39
11 11 41 35
4 6 27 37
6 7 56 40
8 7 34 31
4 11 58 38
2 8 53 49
8 7 55 25
6 9 48 55
8 7 34 32
8 8 39 43
3 8 32 30
10 11 46 41
6 10 35 39
7 11 42 24
8 6 27 60
2 8 24 42
2 8 40 28
11 8 49 25
11 8 48 46
8 8 43 43
11 8 28 43
11 11 25 57
8 8 42 22
8 6 36 24
6 9 44 53
6 3 33 29
8 8 29 39
4 11 56 41
6 3 22 57
6 3 52 42
7 4 51 48
6 7 26 29
8 4 56 23
3 8 60 59
9 6 23 47
4 2 59 34
3 8 34 46
6 10 38 44
4 4 32 54
4 6 54 36
9 6 50 51
6 9 43 31
4 2 42 41
10 11 53 51
8 7 28 60
11 6 51 47
8 4 43 46
9 6 53 59
6 9 24 30
11 3 28 53
4 6 42 35
10 11 38 26
2 8 31 43
8 7 39 31
6 3 41 48
10 11 52 43
8 7 22 40
7 11 30 24
8 7 34 58
4 4 36 32
6 7 51 45
6 10 45 30
11 6 32 49
2 8 25 29
11 6 60 59
7 4 48 52
4 6 37 57
11 8 33 23
8 8 42 22
9 6 39 56
3 4 36 60
11 8 58 22
4 11 41 26
8 4 58 38
10 11 38 42
4 11 29 51
7 4 45 38
3 4 52 32
11 3 46 28
3 8 59 34
8 8 40 47
6 10 23 58
8 11 44 34
7 11 50 33
4 2 57 33
6 9 45 53
11 11 40 22
10 11 60 34
7 11 46 50
2 8 38 30
9 6 38 26
8 8 41 40
4 6 44 58
6 9 41 60
10 11 57 42
3 8 46 53
11 8 29 33
4 11 31 60
8 4 24 48
11 3 34 40
3 8 22 29
8 11 56 49
8 8 40 30
11 8 51 50
11 6 51 38
11 6 44 38
11 8 24 46
2 8 51 28
11 11 44 49
7 4 38 60
4 11 27 33
8 8 44 42
6 7 22 39
11 8 51 45
8 7 41 54
6 7 46 30
8 4 29 47
11 3 39 29
6 3 60 60
6 9 27 52
2 8 59 23
10 11 26 22
10 11 50 28
8 6 36 25
10 11 52 28
3 8 46 32
2 8 55 41
8 4 52 49
11 8 52 29
6 3 35 45
7 4 40 52
3 8 50 48
8 6 48 42
4 2 49 34
6 9 37 48
7 11 31 39
4 2 47 25
8 11 50 57
6 7 55 26
3 4 50 41
11 6 26 34
8 8 54 33
4 6 60 49
4 6 35 40
7 4 42 49
11 8 29 41
4 11 26 26
9 6 25 45
7 4 25 27
4 2 28 24
8 4 49 23
11 11 42 37
8 6 39 60
6 7 50 37
11 8 35 37
11 6 52 47
7 4 44 48
11 8 31 46
7 4 59 45
6 9 30 37
8 6 54 42
8 7 59 44
8 7 54 43
4 11 29 34
6 9 47 28
9 6 27 27
4 11 28 33
11 8 51 43
10 11 41 39
8 6 36 22
8 7 52 50
3 4 51 30
11 3 52 28
8 7 23 43
7 11 36 48
8 11 27 22
10 11 58 37
6 3 28 43
3 4 49 46
11 3 47 34
7 4 55 46
11 11 26 59
4 2 46 54
11 11 22 56
7 4 49 38
11 8 25 37
11 8 54 40
11 11 40 31
7 11 47 57
2 8 53 49
6 10 32 33
8 6 59 33
6 7 45 60
11 8 22 52
3 8 56 26
4 4 59 58
3 4 55 49
7 4 58 32
8 11 54 25
8 6 22 36
7 11 26 33
9 6 56 29
4 2 58 52
11 11 45 25
8 11 29 22
11 6 30 52
6 7 33 55
3 4 57 58
2 8 53 25
4 2 57 43
3 4 38 46
3 4 37 45
11 3 36 46
11 8 52 47
8 8 49 27
3 4 57 25
11 11 57 29
11 3 59 25
11 11 34 56
8 8 30 41
6 9 50 42
8 11 55 25
11 11 35 30
3 4 49 24
4 2 27 33
9 6 58 55
10 11 41 30
4 11 43 42
4 4 50 58
7 11 36 35
7 4 41 24
8 4 33 32
11 6 22 58
8 8 30 50
8 7 44 39
10 11 55 30
7 4 22 50
6 9 25 24
3 8 40 22
8 7 57 60
6 10 49 53
11 11 28 37
8 4 32 25
8 11 58 60
11 8 44 39
11 8 41 40
3 8 42 41
11 8 34 60
6 10 45 51
11 3 45 41
7 4 31 28
6 10 55 27
4 4 57 52
6 7 58 44
11 8 57 47
11 11 60 36
2 8 35 54
8 7 57 30
3 8 44 30
3 4 44 27
2 8 27 38
9 6 40 57
8 11 53 46
6 10 58 45
6 10 22 51
4 4 24 42
6 10 43 47
6 3 31 29
8 6 47 45
11 8 54 58
11 6 31 31
11 8 54 53
8 4 49 41
4 2 53 56
6 9 59 27
4 2 28 49
10 11 28 48
9 6 27 49
6 9 42 30
3 8 42 41
7 4 58 60
6 10 45 32
4 4 22 42
4 6 24 43
4 11 57 52
7 4 57 56
11 11 34 56
11 6 38 42
3 8 32 36
6 10 33 37
4 6 52 43
6 9 23 56
8 8 39 22
6 9 24 60
11 8 28 51
4 4 56 60
6 9 44 31
11 8 33 31
11 3 56 35
11 3 53 56
11 8 46 25
8 4 41 47
8 11 35 44
4 6 54 47
7 11 30 30
4 6 48 41
8 4 24 38
4 2 53 60
11 3 49 24
3 8 55 53
4 6 32 52
11 11 38 58
11 11 58 57
3 8 43 59
11 11 58 52
4 6 56 42
4 2 25 41
3 4 48 46
11 3 30 37
6 9 56 40
6 10 44 45
8 4 31 46
6 3 45 36
11 3 30 60
6 10 30 57
8 6 40 55
11 6 56 48
11 8 60 25
4 4 26 32
8 6 38 26
7 11 51 29
8 4 36 59
11 8 23 24
11 8 29 48
8 8 23 51
8 11 37 58
9 6 29 51
8 6 34 27
2 8 35 52
4 2 51 50
6 7 47 34
2 8 60 45
6 9 51 52
9 6 38 42
11 3 35 46
6 9 43 22
6 10 54 38
11 6 38 28
8 8 38 54
4 2 59 22
8 11 50 35
8 11 45 32
6 3 38 47
8 4 26 49
6 3 59 56
6 9 25 44
3 4 43 44
11 8 45 46
9 6 24 57
2 8 42 32
8 6 47 29
11 3 42 56
2 8 41 48
8 4 48 35
6 10 37 53
6 7 33 46
4 6 48 44
6 10 50 50
8 4 41 30
3 4 32 45
4 6 51 53
8 4 46 36
9 6 51 56
11 3 37 24
10 11 38 60
7 4 31 54
7 11 33 32
3 4 31 44
11 6 56 24
4 6 23 50
11 11 43 46
3 8 28 41
4 4 52 30
8 6 49 38
2 8 32 31
6 10 54 55
4 11 57 45
8 4 31 34
4 2 56 23
4 2 55 52
11 8 26 55
8 6 22 22
7 4 48 41
8 11 55 60
2 8 32 43
11 8 49 31
8 7 23 54
11 8 35 46
4 2 24 53
4 4 48 42
7 4 57 49
6 7 51 59
4 6 36 36
11 8 54 44
7 11 34 47
11 6 32 51
8 8 51 29
11 8 25 60
8 6 44 32
6 9 35 42
8 6 53 52
8 7 58 52
6 3 25 32
11 8 52 50
2 8 56 33
8 7 25 27
2 8 23 29
11 3 44 47
3 4 52 37
6 3 48 27
11 6 23 29
11 11 30 29
4 11 35 47
8 7 39 29
11 6 24 46
4 2 27 53
11 3 55 42
10 11 29 45
6 7 50 52
8 4 35 43
2 8 53 25
7 11 33 24
8 6 40 28
8 8 55 54
4 11 54 47
2 8 35 59
6 7 56 22
8 7 22 47
11 11 38 36
6 3 57 42
3 4 44 36
8 11 31 46
6 3 27 49
11 6 35 56
8 7 60 27
3 4 49 48
6 9 23 28
11 6 52 39
4 11 35 50
7 11 34 42
9 6 22 55
8 11 33 28
6 9 28 60
3 8 40 25
6 10 28 25
8 11 48 38
6 7 27 34
4 6 28 47
8 8 57 26
10 11 54 48
4 2 33 35
4 2 36 47
8 11 48 29
3 4 44 58
11 11 22 38
8 7 29 45
4 6 27 28
6 7 49 22
4 2 58 31
10 11 59 48
6 3 39 38
11 6 32 60
3 8 50 34
3 4 42 41
8 4 46 42
3 4 22 50
4 2 57 52
8 8 24 59
4 2 34 56
11 6 34 38
8 4 35 59
4 6 49 47
8 4 44 53
4 11 49 30
9 6 46 22
4 11 51 32
6 10 52 31
7 11 31 27
6 9 38 53
6 7 53 51
4 4 54 27
11 11 44 49
4 2 35 46
6 3 50 29
2 8 26 22
8 8 22 48
2 8 39 35
4 2 41 36
9 6 22 55
7 4 40 39
7 4 56 43
4 11 25 51
11 11 31 25
8 6 31 38
11 11 52 43
10 11 53 26
6 9 33 43
8 4 57 50
6 9 27 47
4 2 50 25
11 6 44 44
10 11 51 58
4 6 52 49
6 9 32 27
11 8 43 34
9 6 60 52
8 11 35 38
8 4 45 34
6 7 46 22
8 7 45 30
8 6 59 43
6 10 29 40
3 8 50 53
6 10 53 32
8 4 50 40
7 4 30 28
6 7 54 23
6 7 46 44
10 11 25 38
3 8 52 50
11 3 44 27
4 4 48 24
6 3 38 30
8 7 50 52
8 8 46 59
4 6 25 55
4 4 36 25
11 11 23 54
6 9 57 50
4 2 27 43
4 2 51 56
8 6 49 47
4 6 43 35
11 6 31 34
4 4 37 37
9 6 32 53
8 11 52 39
11 8 52 38
4 11 34 43
11 8 52 29
4 2 25 23
9 6 24 44
3 8 45 23
2 8 51 31
8 11 56 59
4 11 41 49
10 11 35 45
4 6 34 42
3 4 24 30
3 8 35 37
11 11 42 41
9 6 40 50
7 4 29 52
8 6 38 42
4 2 52 44
3 4 50 53
11 3 39 23
11 3 31 35
7 11 51 23
7 11 53 24
11 3 31 28
4 4 29 47
6 9 49 57
2 8 24 25
6 7 42 26
10 11 33 42
8 4 39 32
7 4 22 45
2 8 40 57
8 11 22 34
11 11 33 52
9 6 34 36
3 8 42 48
10 11 54 49
7 4 50 33
2 8 43 46
2 8 52 43
11 11 54 35
11 8 57 31
8 11 43 30
4 11 56 57
4 4 23 51
4 2 34 40
11 6 35 45
4 4 52 29
6 3 23 58
2 8 47 46
3 8 59 59
8 4 31 60
11 8 28 28
4 11 51 25
4 11 49 50
11 11 27 48
6 10 58 46
10 11 52 33
6 10 48 36
3 4 22 39
4 6 34 27
8 7 33 44
11 8 25 30
11 8 41 60
10 11 56 22
10 11 23 53
4 6 33 33
6 10 60 58
3 4 37 60
11 3 47 28
11 6 29 47
4 4 33 32
11 8 23 59
8 4 28 49
2 8 36 22
3 8 50 59
6 7 30 36
7 4 30 49
10 11 25 28
4 2 41 29
4 6 29 33
11 3 44 46
2 8 58 37
4 4 31 42
11 8 30 30
9 6 40 25
8 8 25 28
4 11 59 27
8 8 58 29
3 8 43 40
9 6 52 24
8 11 27 26
7 11 56 38
10 11 39 47
4 6 40 39
8 6 44 24
11 11 44 44
11 8 36 36
8 8 34 43
8 6 60 43
3 8 56 41
6 7 43 59
11 3 33 39
3 4 33 37
3 4 27 30
6 9 31 39
6 7 28 56
2 8 60 45
8 11 36 50
6 10 30 50
11 11 54 31
4 11 55 56
6 10 29 29
8 11 53 59
9 6 41 30
7 11 28 42
11 8 38 50
4 2 50 22
6 3 36 37
3 4 25 59
7 11 28 49
4 4 42 40
6 7 31 58
4 2 31 59
11 8 32 42
8 6 29 34
8 11 54 39
8 6 42 39
6 9 44 33
7 11 47 55
8 6 59 52
2 8 39 40
8 4 34 46
4 4 38 57
8 6 32 27
6 3 31 50
6 3 32 52
11 6 39 27
6 10 56 58
10 11 55 51
8 8 56 43
8 8 41 39
2 8 60 31
7 4 25 53
4 2 44 27
3 8 23 35
11 8 22 29
6 7 53 43
8 11 50 45
8 6 43 29
8 6 49 35
11 11 51 27
8 11 43 38
6 3 48 30
4 6 36 26
3 8 30 34
8 6 44 43
4 2 38 47
7 11 35 26
8 6 44 28
9 6 46 40
2 8 59 48
6 9 52 37
9 6 31 54
11 6 40 37
4 11 35 59
4 11 33 44
11 6 25 54
11 8 28 43
11 8 32 37
11 11 43 34
8 4 35 45
7 4 53 52
6 10 55 37
8 6 59 49
6 3 60 41
6 7 41 57
9 6 48 47
8 4 31 48
8 4 57 57
8 4 48 56
8 11 43 41
3 4 49 22
3 8 39 44
8 8 37 46
6 7 27 58
11 6 54 38
7 4 24 51
7 4 44 25
11 3 48 60
8 8 29 47
8 8 42 49
4 11 57 48
6 10 53 30
6 10 29 38
4 4 58 34
11 8 25 56
4 4 34 33
2 8 40 44
11 6 60 50
6 3 45 32
8 4 57 33
11 3 37 38
6 9 37 22
8 8 48 54
6 10 50 33
11 11 33 43
11 8 47 23
8 4 44 38
11 8 53 39
11 8 31 27
11 8 39 34
6 3 52 29
4 4 56 24
2 8 31 32
10 11 54 24
8 7 50 56
7 11 58 55
4 2 54 35
7 4 54 60
11 11 33 25
4 2 54 39
11 11 59 57
8 11 28 48
3 8 34 44
8 8 40 49
11 6 44 26
4 6 23 50
8 8 48 25
11 8 25 39
8 4 53 29
11 8 25 47
9 6 60 38
3 4 56 48
6 7 42 44
7 4 33 50
8 11 58 38
3 4 56 55
7 11 55 39
7 11 48 32
11 8 32 44
6 9 40 48
4 6 30 24
3 4 59 35
11 6 54 25
11 3 26 33
11 11 59 24
6 7 51 48
6 10 31 27
6 10 37 36
6 7 49 42
4 11 23 44
8 11 34 57
4 11 59 29
4 2 23 50
4 2 47 35
6 7 28 40
8 8 34 25
7 11 48 34
6 3 25 36
11 8 34 36
6 10 40 60
7 11 22 23
8 8 28 31
8 4 24 48
11 11 44 60
11 11 37 57
7 11 40 32
4 6 59 30
4 6 46 60
6 7 33 36
9 6 49 22
9 6 48 39
11 8 40 35
4 6 24 25
3 8 32 56
7 4 46 28
4 11 45 36
11 3 33 23
6 7 32 25
10 11 54 33
8 6 29 22
6 7 38 37
6 10 34 43
10 11 38 29
6 7 22 58
3 4 32 53
8 4 49 24
11 6 53 28
8 6 41 55
11 11 40 38
11 8 22 43
11 11 49 35
11 6 48 32
8 4 54 60
3 8 54 35
7 11 48 57
3 4 44 42
8 4 23 27
8 6 44 26
4 6 34 40
3 8 45 54
4 4 38 31
10 11 50 43
11 8 43 46
6 10 42 52
6 9 54 31
8 4 33 53
11 3 23 30
6 3 32 54
8 6 53 24
4 6 38 60
4 2 40 46
4 2 49 23
4 4 56 43
8 11 25 31
4 2 32 59
9 6 29 35
3 8 52 32
3 4 37 45
6 7 48 47
4 11 38 23
10 11 34 46
11 11 32 28
11 8 29 42
3 4 47 35
11 6 42 57
8 11 28 59
11 11 52 40
11 3 38 54
8 6 31 42
4 4 33 60
11 3 55 49
9 6 45 58
6 3 36 29
11 3 43 30
4 4 34 34
3 8 28 23
6 10 45 25
10 11 50 42
7 11 24 58
4 11 22 28
11 6 40 48
8 4 41 40
4 4 36 47
7 11 30 52
11 3 42 26
11 8 44 23
3 4 26 27
8 8 35 60
9 6 34 55
4 6 36 23
3 8 48 39
6 7 48 50
4 4 43 54
3 4 35 31
9 6 23 56
11 8 37 56
3 8 55 39
3 8 54 60
11 8 31 27
3 4 54 49
3 4 50 43
11 3 45 57
4 6 31 45
8 6 37 43
3 8 49 51
4 11 41 55
3 4 48 49
6 7 53 37
4 11 32 22
4 11 32 39
9 6 52 22
4 4 40 54
11 11 35 49
6 7 55 23
8 7 42 24
6 3 24 58
3 8 25 24
11 11 36 27
6 7 33 26
4 2 51 32
4 11 35 44
11 3 54 41
8 11 49 42
6 10 29 43
11 6 36 27
8 11 50 51
11 6 37 56
4 6 23 36
10 11 43 26
11 3 46 57
4 11 28 51
6 9 31 60
7 4 57 58
8 6 52 40
7 4 37 37
11 6 24 40
10 11 24 59
7 4 53 50
11 6 23 46
11 8 38 37
8 11 37 34
11 8 33 39
11 11 44 46
11 6 27 52
6 10 36 55
9 6 46 27
6 7 56 52
3 8 40 57
4 2 35 53
6 10 27 26
11 6 59 50
11 8 59 28
11 6 31 42
2 8 28 41
8 4 23 24
3 8 59 32
6 9 60 41
2 8 25 41
3 4 37 49
11 6 26 34
4 2 33 45
11 8 59 28
10 11 60 37
7 4 40 53
8 11 25 56
8 7 59 52
7 4 36 56
6 10 31 23
11 6 51 29
8 8 22 32
8 6 36 34
9 6 50 55
6 7 40 34
6 3 42 24
6 10 57 38
4 2 29 41
8 7 51 24
6 10 44 38
4 6 59 41
4 11 53 31
11 8 26 41
7 11 41 52
10 11 58 51
4 4 56 41
7 4 40 47
4 4 37 57
7 11 51 33
6 10 51 59
2 8 50 58
2 8 44 41
8 11 52 38
4 6 30 42
11 11 51 29
4 6 59 41
4 6 51 45
8 7 44 25
8 6 48 26
6 9 46 47
11 11 47 59
4 2 36 36
11 8 42 56
11 3 31 44
2 8 59 58
11 8 47 60
9 6 38 44
6 3 30 29
6 3 36 56
11 8 56 27
7 11 38 43
11 8 52 30
11 6 57 44
7 11 48 25
4 2 31 60
11 6 44 45
4 11 24 29
6 7 45 39
6 3 24 27
8 6 56 40
6 3 42 47
11 3 30 54
4 6 44 39
8 11 30 41
9 6 32 36
6 3 29 41
6 10 49 49
7 11 55 25
6 3 52 41
11 3 43 25
3 8 49 60
4 11 54 51
11 8 48 45
8 8 39 41
4 4 24 46
8 7 27 25
4 11 26 58
4 11 37 32
10 11 45 38
9 6 48 48
8 7 34 51
6 3 55 48
7 4 40 47
11 6 24 38
8 8 50 56
4 6 56 55
7 11 22 22
7 11 26 45
6 7 33 23
2 8 24 47
2 8 54 29
6 7 43 24
8 6 32 34
2 8 58 58
7 11 56 22
11 3 22 40
7 11 60 34
11 8 40 54
7 4 40 58
4 2 34 32
6 3 24 23
4 11 31 39
6 3 29 60
6 10 60 52
11 8 32 28
9 6 55 37
11 8 30 57
4 2 54 22
4 6 33 53
3 4 36 48
8 11 54 59
6 7 59 23
2 8 41 36
8 4 36 30
7 4 60 55
6 7 56 41
8 4 48 44
4 4 45 60
6 7 52 51
8 8 55 59
4 11 25 50
11 11 22 55
8 7 36 32
4 2 30 35
11 8 23 24
10 11 60 27
8 11 42 26
4 6 28 57
9 6 41 34
8 4 36 59
4 6 32 57
4 4 34 38
4 11 46 50
11 8 60 58
8 7 23 51
11 6 60 46
6 3 23 25
11 11 59 56
2 8 55 29
11 8 25 44
6 10 23 56
6 10 35 42
4 6 53 48
4 2 37 60
8 11 35 47
3 8 32 56
4 2 38 59
6 7 54 38
3 4 41 24
8 7 29 54
11 8 39 36
4 4 30 36
7 11 30 53
8 6 35 24
11 6 25 26
11 3 32 28
6 9 45 37
3 4 42 56
8 8 44 39
8 11 59 37
3 4 38 27
3 4 52 23
7 4 30 60
8 8 60 46
10 11 58 36
11 3 42 59
2 8 37 27
4 6 26 26
2 8 54 42
8 11 25 36
11 8 44 47
4 4 53 44
8 8 38 27
11 8 22 36
8 6 29 23
6 7 55 48
8 11 58 22
3 4 40 28
7 4 52 45
6 3 26 28
3 4 39 42
3 8 36 29
11 8 46 53
11 8 37 22
2 8 41 56
11 8 55 55
4 6 56 52
7 4 52 54
7 11 39 60
4 4 23 52
6 10 35 32
7 11 42 57
11 6 54 53
7 11 38 29
10 11 42 36
11 8 26 25
6 9 59 56
6 10 44 42
11 11 26 42
8 7 33 32
8 8 44 31
8 4 29 57
8 8 34 24
4 11 33 41
10 11 40 55
8 6 48 52
7 11 53 31
10 11 40 23
4 11 43 33
7 4 55 50
4 6 60 37
4 11 37 33
9 6 34 48
2 8 51 57
10 11 44 53
3 4 54 29
8 6 38 35
8 4 49 49
8 11 35 22
2 8 37 56
10 11 36 35
3 8 40 45
8 6 48 26
3 8 27 53
6 9 34 57
11 8 47 46
7 4 41 40
7 4 59 52
6 10 56 53
11 11 39 37
3 8 43 26
4 11 34 42
6 7 44 57
6 9 28 38
7 4 31 54
7 4 42 42
8 7 50 33
6 3 35 33
4 2 26 22
11 8 53 49
8 8 23 48
8 7 44 22
4 4 25 25
7 11 40 56
3 4 27 36
11 8 38 51
11 3 38 49
6 7 33 25
8 7 40 22
11 3 53 54
3 4 46 48
10 11 58 29
8 7 57 34
7 4 56 32
7 4 46 23
11 3 27 47
6 10 51 33
11 6 54 25
8 6 28 22
6 3 60 58
8 4 50 43
10 11 45 44
11 11 55 51
11 6 31 34
6 9 59 33
11 8 28 40
11 8 52 56
6 3 52 56
7 11 26 44
6 3 43 59
3 4 49 60
4 6 60 39
8 4 25 57
11 6 45 49
3 8 22 29
4 4 22 35
8 4 59 59
2 8 30 26
4 4 50 40
2 8 54 42
8 4 37 23
4 2 59 29
10 11 23 42
8 8 22 56
8 4 57 25
10 11 45 22
10 11 31 30
8 7 51 22
8 7 37 23
8 8 25 41
3 4 32 38
11 8 55 40
8 8 40 43
8 11 24 57
8 7 49 41
11 8 46 32
8 11 50 34
4 4 39 29
8 6 30 33
8 6 59 51
2 8 22 54
9 6 44 60
11 8 50 43
11 8 43 54
11 8 34 34
8 8 44 44
6 7 39 47
8 8 41 47
8 7 50 56
6 7 28 32
8 6 49 46
4 4 43 29
4 2 51 45
6 3 27 25
11 6 56 57
6 10 41 33
4 4 37 48
8 8 24 37
4 6 50 39
8 8 59 31
7 4 57 40
8 6 46 58
7 11 36 45
11 8 40 50
8 7 26 23
11 8 31 25
2 8 59 58
4 2 46 24
11 8 25 34
3 8 47 22
8 8 29 26
7 11 23 46
8 8 34 23
6 7 32 55
6 9 37 23
6 10 43 32
6 7 57 60
6 3 57 47
