2000
9 7 48 124
7 7 33 17
11 9 92 110
11 9 59 80
3 8 131 97
9 4 18 50
8 3 98 25
9 4 56 132
9 9 131 147
4 9 88 34
7 3 146 124
9 7 39 113
8 7 121 22
9 7 54 16
3 8 14 63
4 9 106 56
7 5 62 46
7 5 108 117
7 3 91 45
11 9 60 83
9 9 141 23
5 4 94 94
9 9 121 138
9 7 96 126
9 7 77 145
5 4 36 110
3 10 95 21
7 8 77 108
5 4 74 60
10 7 67 97
7 2 36 64
7 3 40 50
8 3 30 97
7 5 33 96
7 7 62 133
10 7 51 130
11 9 145 110
5 4 58 144
7 5 138 115
2 9 86 54
3 10 105 79
4 11 17 86
7 2 134 137
4 11 14 147
5 4 18 132
8 3 84 27
8 7 99 45
8 3 20 54
9 7 36 28
9 7 92 91
7 3 57 125
8 3 137 26
5 4 147 135
9 9 45 124
9 7 77 115
10 7 136 49
9 9 38 40
7 5 71 70
7 8 130 114
7 3 95 100
9 7 80 53
8 7 30 27
4 11 96 38
7 5 130 77
9 7 114 111
2 9 14 73
9 9 101 139
9 4 38 132
9 9 112 120
3 10 35 52
3 8 25 32
5 4 52 40
4 9 59 138
7 8 94 140
2 9 40 81
11 9 61 97
3 8 111 88
7 2 77 98
9 9 40 107
7 8 97 33
4 9 93 81
9 9 51 53
10 7 83 38
7 7 65 96
9 7 29 114
7 2 70 16
9 7 131 112
5 4 13 14
3 10 142 22
4 11 41 54
3 8 18 71
3 8 57 150
7 7 117 117
7 5 18 125
7 7 79 90
7 3 69 142
7 5 80 31
7 3 126 73
7 8 110 57
7 7 139 94
9 7 147 131
5 4 22 115
2 9 105 16
7 7 20 57
2 9 133 53
9 7 117 23
4 9 150 107
3 8 55 43
5 4 148 42
5 4 124 113
7 8 119 140
2 9 106 125
7 3 101 88
7 3 66 52
11 9 84 121
9 4 137 41
10 7 46 27
9 9 97 127
3 8 95 132
8 7 125 103
3 8 43 129
3 10 110 140
10 7 37 45
8 3 102 56
3 8 118 45
9 9 37 134
7 7 88 132
9 7 75 24
9 7 109 93
7 5 138 90
5 4 51 126
8 3 73 55
7 8 16 67
3 8 134 114
5 4 137 83
4 9 115 51
3 10 139 92
4 9 72 98
7 3 85 49
4 9 86 83
9 7 105 93
2 9 68 93
5 4 149 49
3 10 112 145
8 3 103 91
9 9 128 119
10 7 93 112
8 7 74 144
10 7 19 89
10 7 52 76
3 8 137 101
7 3 127 63
10 7 85 118
3 8 33 84
5 4 123 99
9 9 120 20
7 5 146 80
8 3 119 121
9 4 47 95
4 11 21 105
4 9 18 94
9 7 120 67
8 7 13 110
7 8 73 89
9 9 87 123
7 7 18 101
5 4 51 105
7 7 21 28
7 8 105 111
9 9 85 130
9 7 32 102
5 4 54 48
3 10 80 105
9 9 100 20
8 3 25 126
7 8 114 44
3 8 12 40
8 3 28 30
5 4 26 29
3 8 142 46
2 9 72 70
7 7 68 125
9 9 136 81
7 5 120 69
9 7 38 129
8 7 120 50
5 4 113 60
8 3 116 90
9 9 29 137
8 3 57 129
7 2 149 19
3 10 121 146
7 5 107 101
9 4 90 115
11 9 80 105
3 10 68 21
3 10 144 49
9 4 122 147
7 2 70 133
7 2 105 92
9 9 108 50
10 7 45 21
9 4 142 136
3 8 100 125
7 3 45 75
8 3 56 80
9 4 20 88
4 9 41 143
9 4 67 89
7 8 99 15
11 9 67 106
9 9 95 87
11 9 81 143
2 9 111 39
5 4 60 103
9 4 87 90
2 9 142 90
8 3 33 21
9 9 101 127
4 11 49 91
7 2 29 27
7 3 112 83
10 7 45 85
3 10 43 145
4 11 69 55
3 10 143 74
8 3 17 36
10 7 62 102
7 2 13 139
7 5 143 117
7 7 96 80
8 3 35 146
9 7 103 48
9 7 55 85
3 10 129 138
7 8 110 59
3 8 24 68
2 9 145 40
4 9 110 55
7 2 113 107
3 10 66 47
3 8 96 18
9 9 19 72
7 8 130 125
9 7 97 105
8 3 37 13
3 8 86 75
9 9 136 86
7 3 105 136
9 7 30 40
9 9 72 23
10 7 58 43
3 10 49 145
10 7 99 134
4 9 131 95
7 3 84 55
3 8 40 13
9 7 100 55
8 3 58 65
9 7 55 67
2 9 58 145
2 9 146 113
4 11 103 47
8 7 134 53
9 7 99 135
11 9 62 123
11 9 27 25
9 9 77 109
3 10 70 86
11 9 59 87
8 7 60 140
7 7 88 65
4 11 81 102
8 7 111 143
9 7 92 119
2 9 97 61
9 7 16 79
9 7 36 127
7 2 50 129
11 9 45 119
2 9 65 76
4 11 37 49
7 2 73 56
4 9 99 143
11 9 14 17
9 7 118 134
10 7 122 115
8 3 16 40
7 8 23 45
4 11 29 148
7 3 119 109
5 4 86 69
3 8 140 67
7 3 35 46
10 7 19 93
3 10 140 82
10 7 15 133
2 9 102 109
9 7 69 40
9 9 118 12
5 4 121 42
7 5 49 111
9 9 131 19
8 3 20 107
5 4 149 25
8 7 135 125
8 3 59 148
2 9 58 63
9 9 60 85
3 8 83 22
7 8 114 60
7 8 36 75
9 7 110 102
7 5 28 142
7 5 92 63
3 8 95 97
11 9 120 98
2 9 147 65
2 9 111 134
4 9 144 14
7 8 129 74
4 11 87 15
9 7 38 125
8 7 81 140
7 8 27 87
8 7 72 133
3 10 119 90
8 3 111 84
3 8 16 80
3 10 140 12
9 7 137 111
4 9 119 124
11 9 126 145
11 9 38 148
4 11 112 76
11 9 85 60
7 5 52 120
9 9 126 137
9 7 21 117
8 7 16 149
4 9 41 57
9 7 124 111
9 7 32 56
8 7 91 98
9 4 148 114
7 5 47 92
7 5 123 42
2 9 30 38
8 3 62 138
11 9 54 124
9 7 125 57
4 9 64 90
7 5 109 87
4 11 25 22
11 9 14 89
8 3 89 142
3 8 126 28
2 9 112 43
10 7 58 105
7 3 28 100
3 10 58 25
9 4 103 147
10 7 116 81
9 7 50 94
3 10 79 104
10 7 140 134
5 4 54 23
8 3 15 149
9 7 120 105
9 9 59 69
7 3 46 118
11 9 87 29
7 2 81 132
5 4 120 149
4 9 52 15
9 7 19 73
7 8 68 100
7 5 63 20
9 4 39 97
10 7 39 63
3 10 129 40
9 4 87 49
3 8 110 53
9 4 77 25
2 9 121 13
9 9 81 90
7 2 26 58
7 3 21 66
4 9 94 141
8 7 22 85
9 7 73 71
4 11 35 44
10 7 65 74
3 8 103 22
7 2 75 91
10 7 18 79
9 7 67 130
7 8 143 129
7 8 68 77
7 2 144 146
11 9 73 19
7 7 89 110
7 5 49 100
4 11 121 98
9 4 77 21
4 11 66 29
9 7 111 146
7 5 114 72
7 3 24 46
8 7 87 58
7 7 144 18
3 10 121 63
9 9 87 145
7 5 79 43
9 9 31 90
7 2 41 92
7 5 35 99
11 9 55 99
9 7 133 74
7 2 137 68
11 9 118 134
11 9 74 98
3 8 125 71
4 9 21 128
5 4 85 47
9 4 14 110
3 10 78 53
5 4 82 58
9 7 48 99
8 3 146 32
9 4 96 140
5 4 103 30
7 2 21 60
4 11 97 71
2 9 55 110
9 7 14 123
5 4 81 148
9 7 61 132
4 9 127 144
9 4 126 127
10 7 34 47
8 3 65 141
9 7 74 105
7 8 104 61
2 9 78 137
3 10 143 146
9 7 58 38
4 11 24 115
9 4 63 77
7 8 43 94
9 7 149 84
8 3 105 27
9 7 17 96
9 7 81 70
8 7 40 24
7 7 94 20
2 9 28 113
10 7 19 114
7 5 121 128
7 2 101 68
8 3 32 115
8 7 146 136
9 9 91 131
9 9 62 130
8 7 34 56
9 9 70 80
3 10 60 108
9 9 19 116
10 7 131 144
11 9 110 125
3 8 121 142
9 7 100 49
4 11 117 27
9 7 36 127
9 7 124 73
7 5 105 89
7 5 85 108
3 8 84 134
3 8 77 26
10 7 139 113
3 8 98 14
10 7 144 31
9 7 58 63
7 7 137 94
4 9 23 119
4 11 33 43
9 9 52 46
9 4 25 139
8 7 138 82
9 7 67 64
4 9 128 120
7 7 140 43
9 7 94 141
11 9 123 79
8 7 109 93
7 7 21 140
8 7 17 135
5 4 99 32
3 8 84 14
8 3 141 44
2 9 66 107
9 7 128 142
9 7 88 144
7 7 107 119
7 5 126 117
9 9 55 138
7 5 147 95
9 7 112 35
7 7 136 30
11 9 119 148
9 4 26 51
4 9 28 79
11 9 114 131
3 10 130 112
7 5 19 79
7 7 137 55
4 11 139 39
4 11 13 141
9 7 81 63
9 9 122 33
9 9 69 140
4 11 72 146
11 9 115 79
8 7 26 115
9 4 50 117
8 3 145 117
4 9 31 129
7 7 133 87
3 10 119 140
9 4 132 22
9 9 135 114
3 8 101 15
7 3 67 144
2 9 61 76
3 10 128 77
9 7 31 86
9 4 96 149
7 2 16 134
7 8 107 69
9 7 20 35
4 9 59 64
11 9 42 124
7 8 71 107
10 7 71 68
3 10 65 102
9 9 30 90
5 4 106 96
7 3 82 109
7 8 95 81
3 8 95 20
7 7 113 47
5 4 70 40
9 7 38 21
2 9 78 104
8 7 75 28
11 9 45 64
10 7 37 77
3 10 146 25
10 7 79 19
3 8 136 59
7 3 40 125
8 7 38 127
3 8 50 117
9 7 66 41
7 2 37 90
9 4 104 116
8 3 69 42
5 4 89 38
10 7 98 66
7 2 64 42
7 7 113 101
9 9 142 150
7 8 150 12
8 7 91 94
7 8 17 62
11 9 106 92
8 7 51 48
11 9 66 15
8 3 21 65
9 4 98 26
8 7 98 60
9 7 66 20
9 9 122 65
4 11 18 63
8 7 88 72
9 4 117 43
9 9 59 48
3 8 61 130
9 9 62 107
2 9 138 38
7 8 64 64
7 5 122 51
7 8 61 101
9 4 70 142
8 7 98 75
9 9 126 105
4 11 51 83
7 7 120 69
3 10 28 25
4 11 69 33
9 4 119 16
10 7 140 25
7 2 104 77
9 9 134 84
7 8 26 37
7 5 22 83
3 10 98 125
7 2 105 84
3 8 77 22
3 10 120 120
11 9 25 106
7 7 39 109
9 7 36 86
9 9 22 51
4 11 48 83
4 9 103 66
8 3 121 22
2 9 126 98
7 3 21 76
3 8 84 89
9 9 83 118
3 8 96 112
4 11 89 113
7 5 68 148
3 8 118 28
7 3 108 19
9 7 113 99
9 7 122 111
9 9 117 71
2 9 32 18
9 4 105 148
2 9 149 50
7 2 14 148
10 7 59 47
3 10 33 28
3 10 50 122
4 9 17 121
7 2 117 121
9 9 70 20
7 8 105 116
4 9 44 104
11 9 96 71
8 7 85 122
9 9 123 110
7 7 104 33
9 9 55 97
9 7 100 120
9 7 24 81
8 3 146 109
7 2 89 123
4 11 112 39
7 5 52 46
7 7 40 127
8 3 63 90
9 7 37 79
9 9 121 142
9 7 142 127
4 11 117 109
8 7 19 63
2 9 77 137
7 2 56 102
9 7 63 23
9 9 86 101
5 4 81 105
7 2 67 140
9 4 78 14
7 2 72 67
2 9 12 143
7 5 64 73
9 7 118 89
7 8 84 132
8 7 85 15
7 7 120 150
9 4 143 99
2 9 30 112
2 9 73 107
7 7 55 35
10 7 31 30
7 8 132 142
7 2 141 142
7 8 130 107
2 9 22 106
9 7 53 135
9 9 126 46
7 3 76 52
11 9 47 46
9 9 138 129
3 10 22 90
4 11 139 140
9 9 136 59
8 3 134 97
9 4 150 106
7 8 91 77
8 7 30 27
7 2 115 94
2 9 36 105
8 3 114 58
2 9 75 66
10 7 128 115
8 7 57 82
9 9 128 24
8 3 81 53
3 10 146 52
11 9 80 53
9 7 137 136
7 8 57 18
7 5 66 118
2 9 65 90
9 9 24 105
7 3 135 59
10 7 53 83
9 7 33 15
9 9 66 85
3 10 97 96
11 9 24 119
10 7 44 15
9 9 45 29
9 4 84 38
2 9 17 48
7 7 41 17
3 8 34 110
7 7 148 72
7 3 117 16
7 8 51 71
3 8 114 108
7 8 25 62
9 7 72 97
2 9 51 150
8 7 15 112
3 10 115 63
7 3 120 12
4 11 65 83
4 9 74 136
5 4 55 61
10 7 112 114
2 9 39 34
4 11 114 95
8 7 149 57
7 7 150 17
9 7 27 140
9 7 106 143
4 9 134 56
7 8 64 17
3 8 123 122
4 9 141 78
8 7 143 99
2 9 69 100
11 9 111 141
10 7 54 63
7 8 33 136
9 9 25 125
8 7 78 34
7 3 93 92
7 7 35 21
9 4 141 67
8 7 30 83
2 9 19 40
3 10 127 29
7 8 129 146
7 3 146 45
7 3 18 15
3 8 66 13
7 3 47 99
3 8 95 142
4 11 104 68
7 8 141 92
9 7 51 107
4 11 103 124
4 11 64 99
7 2 59 116
7 7 78 79
11 9 15 121
5 4 67 132
7 5 46 149
9 9 122 48
7 8 98 68
7 3 98 31
3 10 53 146
9 7 79 32
7 7 113 114
9 9 132 91
8 7 54 15
9 4 147 45
7 7 82 12
5 4 33 30
3 10 100 96
10 7 38 95
5 4 71 43
9 9 39 137
9 4 90 28
9 9 84 75
4 9 84 84
4 9 146 24
3 8 20 64
2 9 45 51
10 7 25 100
9 9 60 107
4 9 112 30
9 7 38 141
11 9 137 56
7 2 68 47
7 3 95 135
3 8 85 109
7 3 24 38
7 8 115 75
4 11 22 132
10 7 37 23
11 9 123 76
9 9 67 138
9 7 44 75
7 7 121 17
9 9 88 42
7 7 65 146
7 8 127 21
4 9 90 106
5 4 146 112
7 5 44 139
9 7 47 122
4 11 141 46
3 10 59 100
7 2 25 31
9 9 62 52
11 9 13 102
7 3 46 79
9 4 87 147
7 2 139 135
4 9 115 34
3 8 77 35
10 7 78 137
4 9 42 105
3 10 52 99
9 9 122 14
9 4 64 12
7 7 139 24
7 8 88 63
3 8 71 125
11 9 146 18
11 9 85 74
7 5 45 142
11 9 54 33
7 3 40 115
7 2 43 47
7 7 43 77
9 9 109 81
7 7 55 118
8 3 20 97
3 10 77 93
2 9 129 27
10 7 70 109
9 4 23 110
7 5 24 84
7 8 47 130
7 2 69 36
4 9 63 61
4 11 28 97
9 9 114 132
9 9 47 132
7 8 35 150
4 11 147 48
10 7 45 126
9 9 128 71
8 7 143 89
9 9 145 112
3 10 77 128
9 9 30 29
9 9 34 50
5 4 111 82
8 3 47 20
3 10 83 14
9 7 76 22
7 2 126 13
8 3 73 20
9 7 69 76
4 9 107 140
4 11 133 75
9 4 92 105
9 4 21 113
7 3 64 102
7 3 139 16
10 7 95 147
3 8 56 147
10 7 142 52
9 4 146 126
7 8 97 15
7 5 27 24
7 2 74 66
9 9 102 34
3 10 119 113
5 4 104 40
10 7 61 147
7 7 115 66
9 7 149 25
7 2 22 124
2 9 146 15
9 4 133 144
7 3 133 108
4 9 100 35
4 11 125 123
3 8 19 15
9 7 112 56
4 9 18 142
7 2 70 149
10 7 61 27
5 4 15 20
4 11 69 28
11 9 81 114
9 9 144 81
11 9 97 74
5 4 83 35
8 3 147 120
10 7 150 86
7 5 129 37
8 7 37 65
8 3 55 124
8 7 13 103
9 7 122 45
9 9 19 35
8 7 86 139
9 9 43 16
7 7 102 71
5 4 108 88
11 9 44 148
10 7 57 116
8 3 59 82
3 10 144 118
8 7 132 70
11 9 127 93
7 2 58 135
9 9 19 76
3 10 113 81
3 10 63 89
9 7 42 42
5 4 130 17
9 9 64 85
4 11 91 68
8 3 56 28
7 3 22 17
7 2 61 95
3 10 133 26
9 7 95 41
7 3 97 22
4 9 141 65
9 7 61 75
9 9 92 19
4 11 148 95
9 9 40 105
3 10 22 62
3 10 96 106
2 9 106 81
7 5 74 85
4 9 137 89
8 3 148 42
4 9 121 16
5 4 26 63
3 8 132 20
2 9 86 138
7 3 58 65
11 9 102 70
7 5 38 26
3 10 47 30
4 9 22 149
10 7 12 40
9 7 128 57
7 7 24 67
8 7 107 19
3 8 42 66
3 10 68 65
9 9 84 131
4 11 53 68
3 10 140 54
10 7 87 86
7 8 39 15
7 3 139 40
5 4 52 128
5 4 147 101
9 7 73 126
4 11 14 81
4 9 30 29
9 9 46 14
7 3 41 40
2 9 124 143
11 9 118 101
7 8 52 30
9 7 25 19
7 8 19 22
4 11 112 110
9 7 127 55
9 7 37 68
2 9 43 76
2 9 75 55
4 11 78 116
2 9 60 43
2 9 71 25
9 4 51 104
7 2 38 120
9 9 57 107
7 5 64 104
9 4 99 119
8 7 143 103
3 10 14 138
8 3 125 144
9 7 20 99
7 2 121 105
8 7 122 19
7 7 43 15
9 9 82 138
11 9 90 35
3 10 145 114
7 8 48 145
9 9 134 16
7 8 143 63
7 8 12 57
8 7 90 59
8 7 63 147
3 8 21 18
9 7 33 49
9 4 72 22
9 9 25 62
10 7 54 63
8 7 66 41
7 8 78 60
3 8 114 113
11 9 42 89
7 2 109 59
7 5 118 55
8 7 17 131
3 8 87 36
9 4 69 12
10 7 26 52
3 8 105 61
3 8 13 17
9 7 29 92
7 8 100 132
8 7 25 36
9 4 80 146
7 2 23 57
7 2 62 35
2 9 106 145
7 3 74 28
9 9 118 105
9 7 126 142
9 9 120 91
7 7 95 131
7 3 77 25
11 9 30 90
2 9 132 79
10 7 122 104
7 2 42 50
7 7 144 133
8 7 49 16
7 8 85 112
9 9 111 148
3 8 17 20
7 3 105 48
4 9 114 41
7 8 134 32
10 7 73 112
9 7 60 12
7 7 53 107
7 3 132 119
9 7 115 33
7 2 107 18
7 8 19 73
2 9 139 127
7 5 54 96
4 11 74 58
10 7 84 38
8 3 145 26
7 5 64 103
4 9 24 47
9 9 18 54
7 7 46 129
7 5 66 73
8 3 68 145
9 9 63 88
2 9 117 98
7 8 61 88
7 8 97 136
4 11 52 37
8 7 56 73
5 4 142 144
9 9 94 113
8 7 110 109
4 9 130 64
8 3 130 133
11 9 89 60
8 3 107 91
7 7 74 120
5 4 40 92
7 3 82 67
9 4 109 83
7 2 72 53
4 9 33 114
4 11 46 19
4 11 18 52
7 7 81 35
9 4 20 51
7 7 77 106
9 7 73 42
5 4 137 96
9 7 57 107
7 2 111 89
9 4 117 48
7 7 131 106
9 7 14 147
7 3 111 55
8 3 90 123
3 8 34 29
7 8 92 102
4 9 39 110
4 9 12 60
7 5 94 129
8 7 130 126
9 9 121 94
7 3 45 129
3 8 108 115
10 7 40 69
8 7 147 139
3 10 93 25
7 3 56 142
7 2 64 95
9 4 12 88
9 4 17 147
9 4 92 71
9 7 55 87
5 4 109 93
9 9 111 40
7 2 66 38
7 5 82 57
7 5 96 16
7 7 85 110
8 7 77 136
7 8 63 34
9 7 46 121
7 5 43 26
7 3 22 61
7 7 125 15
5 4 12 27
2 9 123 119
4 9 72 40
8 3 99 67
7 3 45 105
4 11 29 82
11 9 64 66
9 9 39 19
3 10 139 28
3 8 122 105
4 11 81 121
4 9 135 24
4 9 58 32
9 7 130 126
3 10 113 123
4 9 63 112
7 2 97 142
3 8 24 125
7 3 92 74
5 4 146 90
3 10 51 100
9 9 57 142
8 3 78 71
4 9 45 98
9 4 119 145
7 3 70 71
8 7 69 105
10 7 124 58
9 7 83 63
9 7 121 15
8 7 33 132
4 9 147 38
9 9 37 18
7 5 66 29
9 9 63 126
7 2 137 87
9 9 69 113
7 8 81 146
7 7 97 56
9 4 57 24
7 2 13 93
7 2 14 74
9 4 17 23
7 2 134 65
4 11 31 122
5 4 102 89
11 9 139 93
4 9 81 27
8 7 75 43
3 8 135 98
5 4 35 129
9 7 131 82
8 7 124 117
3 10 124 84
3 10 37 115
7 8 66 142
10 7 47 28
3 10 35 56
8 3 124 74
3 8 110 128
7 5 105 63
5 4 57 59
9 9 19 34
9 9 16 41
7 3 93 62
9 7 140 124
9 9 103 36
9 4 46 95
9 7 61 45
4 11 51 76
4 11 90 90
7 7 56 25
7 5 150 82
8 3 23 39
5 4 43 71
7 8 55 95
9 4 94 101
9 7 98 120
11 9 104 100
9 7 118 29
8 3 41 67
9 4 99 138
7 7 15 19
9 7 57 123
8 3 36 55
7 8 38 90
7 3 116 102
2 9 128 132
7 8 120 91
3 10 26 49
7 7 107 81
8 3 84 140
9 4 46 22
11 9 88 60
10 7 93 69
5 4 87 136
8 7 129 66
8 3 71 116
2 9 47 86
7 3 95 33
3 10 96 35
9 4 74 126
9 9 146 38
9 7 14 26
5 4 137 50
3 8 70 68
7 5 87 68
7 5 117 129
10 7 132 140
10 7 39 49
7 2 70 129
9 4 88 47
10 7 53 15
10 7 93 101
7 3 20 52
7 8 115 76
7 2 90 23
9 4 73 14
10 7 124 85
9 7 62 69
3 8 147 117
2 9 46 68
7 2 35 117
9 7 12 80
9 7 124 122
3 10 86 96
4 11 87 114
8 7 23 95
7 7 134 141
8 3 135 92
2 9 32 52
3 10 95 117
3 10 52 59
9 9 106 101
9 7 14 22
7 7 91 70
9 4 55 12
3 10 15 108
8 7 107 93
9 4 82 149
7 8 106 22
9 7 143 31
11 9 109 61
3 8 133 105
9 4 63 142
2 9 39 149
10 7 51 122
3 8 100 86
7 5 21 25
7 5 61 140
9 9 33 30
9 9 22 130
2 9 24 33
7 3 17 58
4 9 103 59
3 10 134 24
9 4 99 112
5 4 144 110
5 4 64 102
2 9 87 73
10 7 136 23
9 9 13 50
9 9 90 62
7 7 55 93
7 8 25 47
7 2 13 37
5 4 78 139
9 4 119 103
3 8 101 85
3 8 132 25
11 9 113 43
2 9 111 124
2 9 57 66
9 9 136 149
5 4 77 16
7 5 30 90
8 7 36 143
8 3 124 26
8 7 19 92
3 10 67 64
7 8 103 146
9 7 53 96
4 9 78 72
8 3 90 58
9 9 33 27
8 3 47 42
4 11 36 134
7 5 65 72
3 10 111 52
11 9 29 140
7 3 128 76
7 3 23 103
11 9 80 105
9 9 120 58
9 9 149 85
7 8 67 145
9 9 23 145
9 7 114 136
8 3 150 29
3 10 147 113
8 7 91 108
4 11 38 72
10 7 96 87
7 3 126 52
7 3 76 143
5 4 72 41
9 9 149 143
7 8 140 138
5 4 82 60
4 11 58 149
3 8 42 43
8 7 78 142
7 7 135 45
7 8 126 114
4 9 94 90
9 7 149 53
11 9 21 88
3 8 23 77
7 7 60 132
8 3 24 53
10 7 118 58
7 5 102 31
2 9 36 45
9 4 66 130
7 5 15 61
8 3 93 147
7 5 71 129
4 9 77 15
7 8 75 104
7 3 107 61
4 11 43 28
2 9 86 67
2 9 66 94
8 7 85 104
7 3 117 52
5 4 100 139
9 7 74 52
2 9 57 121
4 11 53 135
2 9 88 92
9 9 33 148
9 7 145 112
7 8 123 103
7 5 126 126
3 10 59 83
11 9 131 138
9 9 24 16
7 2 143 77
7 8 146 59
4 9 73 92
9 7 31 18
7 5 93 89
7 7 60 120
2 9 74 53
9 7 48 12
7 2 91 62
9 9 118 142
4 11 33 124
5 4 14 34
7 5 101 21
11 9 32 147
9 9 126 96
9 9 15 137
8 3 64 116
9 4 87 124
7 5 120 13
7 3 127 79
2 9 74 145
7 8 69 27
8 3 67 16
3 8 82 132
7 2 149 27
9 4 97 131
9 9 84 128
5 4 141 39
9 9 124 89
10 7 17 17
7 8 117 69
8 3 133 86
2 9 136 92
9 9 32 48
7 7 28 82
9 7 117 146
9 9 89 56
9 9 46 143
3 8 141 67
10 7 146 123
7 7 78 28
9 4 40 98
3 10 52 41
9 7 141 78
7 7 62 148
9 7 20 13
7 3 73 130
8 7 56 110
9 7 122 14
7 7 92 65
9 7 140 71
4 11 48 147
7 3 47 26
9 7 45 126
2 9 66 33
9 7 100 71
11 9 114 55
10 7 46 127
7 2 91 45
9 7 141 106
9 9 37 89
11 9 68 40
9 7 35 80
9 9 114 81
8 7 103 45
4 9 76 134
10 7 62 119
8 3 56 95
7 3 90 122
3 10 119 121
2 9 64 125
7 7 147 51
3 8 59 79
4 11 114 112
7 7 57 39
11 9 25 37
3 8 49 135
9 7 51 145
3 8 127 108
9 9 46 40
9 9 138 62
9 9 114 109
9 9 138 114
8 3 85 61
11 9 122 12
3 10 86 142
11 9 125 76
11 9 139 96
4 11 94 117
4 11 42 107
7 3 120 105
10 7 71 67
9 9 128 52
9 9 113 35
9 9 117 149
7 3 52 26
8 7 60 143
7 8 143 91
7 7 54 120
9 4 127 94
9 7 16 17
7 3 55 115
10 7 111 27
4 11 74 103
7 7 64 55
9 9 45 81
7 2 15 145
9 7 51 123
9 7 73 67
7 3 30 38
5 4 37 111
8 3 122 129
9 9 21 147
4 9 25 104
11 9 122 28
9 7 17 111
9 4 97 60
9 7 61 111
7 2 80 74
7 5 59 127
4 9 33 67
11 9 90 136
7 3 117 28
2 9 146 87
4 11 30 40
9 7 84 111
5 4 22 87
8 3 144 110
9 4 93 31
9 9 95 87
9 4 111 46
8 7 117 136
9 7 98 78
9 9 52 48
5 4 72 142
7 5 140 31
8 3 150 100
7 3 130 26
7 2 93 62
9 4 21 128
4 9 143 83
9 9 43 50
4 11 84 103
4 9 20 128
8 3 111 125
9 4 74 35
2 9 69 108
7 3 41 141
8 3 136 32
9 9 111 123
4 9 83 133
5 4 62 88
11 9 128 117
9 7 13 86
9 4 85 97
5 4 140 29
9 9 118 122
9 9 143 150
10 7 21 13
5 4 69 19
4 11 140 51
5 4 135 71
7 7 24 133
8 7 129 109
7 7 65 78
9 4 29 69
7 5 28 26
3 8 33 131
11 9 48 74
7 2 21 61
7 7 118 126
9 9 47 21
9 7 119 137
5 4 59 56
8 7 60 16
4 11 90 106
9 7 42 14
7 2 88 68
9 9 149 130
4 9 88 19
11 9 109 90
9 7 90 124
7 2 46 126
7 2 139 116
9 9 50 56
11 9 42 38
9 9 37 120
4 11 68 101
7 2 71 147
7 2 110 32
9 9 71 101
2 9 77 19
7 5 58 130
4 9 36 114
4 11 116 77
8 3 45 114
5 4 16 137
7 7 88 13
9 7 46 85
7 5 38 149
11 9 16 81
4 9 76 79
9 9 59 40
9 9 116 14
9 4 56 86
3 10 49 125
7 5 112 51
9 9 73 50
3 8 150 55
7 7 24 85
7 2 19 61
8 7 146 127
9 9 109 116
2 9 64 141
7 8 148 113
9 7 149 138
9 9 145 110
4 9 43 60
7 2 138 81
4 11 98 84
7 2 133 101
7 3 121 88
7 5 111 116
4 11 84 117
7 5 42 101
7 3 17 131
3 10 74 84
3 10 37 99
8 3 126 34
9 7 69 128
11 9 49 49
4 11 111 123
9 9 13 18
10 7 112 72
8 7 136 14
4 11 84 13
3 8 139 12
11 9 110 82
7 2 36 34
7 2 14 25
8 3 132 107
4 11 84 70
8 3 29 37
7 5 57 17
9 9 116 69
7 3 46 20
7 8 127 54
5 4 81 34
9 7 78 138
2 9 33 93
7 7 109 128
7 8 53 20
7 5 61 105
11 9 61 79
3 8 110 42
3 10 49 108
4 11 29 109
5 4 72 38
7 2 40 85
3 8 34 55
7 3 105 51
5 4 56 139
7 7 57 99
8 7 79 146
8 3 148 31
9 7 88 55
8 7 91 143
9 7 74 68
7 8 126 92
7 7 125 121
10 7 144 91
9 7 109 74
7 7 23 57
5 4 65 61
4 11 74 33
7 2 123 118
9 9 44 38
4 9 128 122
4 11 112 110
7 8 37 103
11 9 15 60
10 7 40 22
9 7 49 19
11 9 91 145
2 9 12 40
8 3 99 52
9 9 100 84
7 3 132 90
4 9 136 70
10 7 87 111
10 7 93 63
7 8 36 147
7 3 96 24
9 7 73 50
9 7 96 120
3 10 22 125
11 9 25 115
8 3 77 49
8 7 84 147
9 9 58 131
7 8 146 41
9 7 129 54
8 7 50 42
9 7 65 123
7 5 118 126
8 7 45 107
9 9 132 69
9 7 76 24
8 7 142 32
9 7 91 16
10 7 16 60
10 7 62 121
8 3 59 68
7 2 114 125
3 8 25 144
7 7 104 145
9 4 76 35
8 3 74 79
7 3 27 48
9 4 44 118
4 9 121 84
11 9 54 65
4 9 53 33
7 2 92 17
11 9 99 20
5 4 86 132
7 8 64 35
7 5 22 107
9 7 41 69
4 9 145 91
9 9 25 148
4 11 116 119
8 3 147 115
7 2 66 18
2 9 147 122
4 9 80 131
7 5 34 89
7 3 54 119
5 4 100 96
9 7 60 135
7 2 37 143
5 4 23 20
9 7 134 42
7 8 39 79
7 7 42 74
2 9 56 23
8 7 150 147
3 10 60 80
4 11 29 143
4 11 72 114
9 9 54 58
3 8 32 149
7 2 109 65
3 8 100 74
4 11 111 109
9 7 26 141
9 9 150 52
2 9 114 13
10 7 104 36
5 4 99 94
7 2 96 51
7 8 102 90
7 5 33 28
9 7 58 95
7 3 67 39
7 2 31 97
4 9 145 101
7 7 110 26
7 5 110 36
3 8 20 97
11 9 133 45
9 4 144 116
4 9 13 76
8 7 100 12
8 3 17 136
5 4 97 83
9 9 42 124
4 11 53 127
7 3 110 83
8 7 47 80
5 4 27 140
10 7 44 66
2 9 75 22
5 4 102 66
10 7 128 81
7 7 66 85
7 8 111 74
2 9 112 107
8 3 137 145
9 7 73 82
7 3 45 146
5 4 12 136
8 3 73 44
3 10 118 88
4 9 23 99
3 10 109 90
7 7 130 127
11 9 56 88
2 9 98 31
7 7 94 45
10 7 48 113
7 2 83 31
5 4 60 135
9 9 118 24
7 5 129 120
7 7 25 95
5 4 52 50
7 3 121 71
7 5 139 139
10 7 14 135
2 9 46 104
4 11 53 72
9 9 73 93
2 9 144 122
9 7 16 27
4 9 91 127
5 4 16 61
8 3 129 27
11 9 112 90
9 9 16 129
7 3 79 58
2 9 149 20
4 9 144 113
4 9 18 33
8 3 128 61
7 5 37 49
7 5 123 25
8 7 148 123
7 8 38 105
3 8 15 145
7 5 85 112
9 7 12 55
9 7 91 60
3 10 62 121
4 9 71 148
9 4 45 68
9 9 36 107
10 7 103 12
4 11 137 109
7 7 54 58
9 9 99 61
9 4 75 121
9 9 102 38
11 9 108 73
3 10 144 112
9 7 150 144
9 9 33 144
4 9 141 18
3 10 146 68
7 8 56 51
9 4 22 131
10 7 24 125
11 9 121 76
9 7 40 71
9 9 128 78
7 7 95 114
11 9 39 47
9 9 146 58
7 7 46 140
10 7 16 97
9 7 147 58
7 7 129 33
4 9 127 53
8 7 80 66
9 4 132 58
9 4 59 144
7 5 119 69
9 9 104 148
9 7 125 84
7 8 61 118
3 10 131 144
7 5 81 108
8 7 145 83
7 5 120 32
9 9 61 80
2 9 50 115
9 9 134 61
11 9 101 124
4 9 131 144
7 8 112 118
5 4 19 38
8 7 73 34
7 3 137 21
5 4 116 113
7 3 142 88
9 7 99 62
8 7 83 12
3 8 108 59
3 8 90 46
9 9 24 66
7 2 51 134
8 3 113 120
7 7 107 66
3 8 34 67
8 7 79 83
9 4 147 45
3 10 114 116
9 9 53 133
9 9 131 78
9 9 14 130
4 11 34 95
5 4 32 84
3 10 128 121
9 7 112 99
5 4 82 139
3 10 136 95
10 7 138 70
8 7 121 81
7 3 102 36
4 9 58 31
3 10 94 88
9 7 34 138
9 7 118 54
3 8 64 118
10 7 112 56
9 9 108 54
9 7 79 36
9 7 63 147
9 4 99 117
9 7 20 136
3 10 51 92
8 3 99 149
9 7 117 99
5 4 109 143
3 8 72 126
7 2 82 22
10 7 55 119
9 9 56 102
9 9 58 93
11 9 75 42
8 3 84 45
4 9 81 128
2 9 141 13
4 9 115 21
4 9 96 58
4 9 69 111
3 10 120 16
8 7 31 132
7 5 52 125
4 11 76 101
4 9 71 66
7 7 88 43
7 7 99 147
7 2 43 37
7 2 18 106
5 4 50 79
5 4 129 83
9 9 118 79
9 4 90 43
4 9 59 88
7 3 119 144
7 2 52 46
9 7 67 12
9 9 107 56
10 7 55 88
7 2 111 70
9 4 103 79
7 5 63 145
9 7 104 16
3 8 76 87
8 3 15 75
4 11 50 80
2 9 110 20
4 11 54 65
4 11 129 111
7 5 117 58
9 4 93 28
9 9 32 99
10 7 132 30
4 11 45 89
7 3 32 66
7 5 137 81
7 5 56 77
7 7 56 37
4 9 71 20
2 9 13 81
8 7 132 56
9 9 110 19
3 8 96 67
11 9 56 74
9 7 143 34
8 3 19 149
9 7 100 53
3 8 57 87
9 9 24 148
8 3 118 48
4 11 45 48
9 9 53 121
4 11 89 58
7 5 102 45
7 8 92 49
11 9 115 141
9 7 99 60
3 8 49 112
9 7 120 131
4 9 77 130
8 7 97 26
2 9 33 82
9 9 39 129
9 9 113 112
9 7 14 61
9 9 20 59
11 9 90 55
9 7 65 50
9 9 104 42
9 4 104 24
9 4 24 108
9 9 126 99
7 7 63 113
7 5 131 120
2 9 26 127
7 2 38 73
3 8 89 56
9 7 148 13
7 3 100 53
7 8 13 74
