119
9 11 3 19
7 7 2 25
9 11 30 43
9 11 29 7
9 8 41 28
7 7 47 33
11 7 42 31
9 8 9 35
9 11 20 4
8 8 37 49
7 7 31 31
8 9 22 19
11 7 15 42
7 7 14 23
11 7 48 45
7 9 39 3
9 11 25 3
9 8 10 17
9 8 3 24
8 9 43 27
9 11 27 44
8 8 34 16
8 8 20 35
8 9 27 27
8 8 33 12
8 8 36 11
8 9 9 49
9 8 49 3
9 8 14 34
7 7 47 4
7 7 50 34
8 9 4 14
7 7 35 27
7 9 27 17
7 9 11 22
8 9 20 7
7 7 32 45
9 11 45 33
11 7 10 50
7 9 30 32
9 8 14 37
8 9 29 31
9 11 40 39
7 9 44 45
7 7 15 18
8 8 5 38
11 7 37 36
8 8 17 43
7 9 45 13
7 7 50 28
8 9 49 2
11 7 6 30
9 8 5 21
8 8 10 28
11 7 25 22
9 11 43 26
9 8 14 10
8 8 22 37
7 7 29 5
8 9 45 15
7 9 40 13
8 9 16 5
9 11 11 17
8 8 28 8
8 9 12 6
7 9 33 25
8 9 44 16
8 8 20 38
7 7 12 5
8 8 21 8
9 8 24 46
8 8 29 34
8 9 23 2
9 11 13 27
11 7 14 6
9 11 21 37
11 7 36 22
7 7 42 21
9 11 33 31
8 9 20 30
11 7 13 16
9 8 24 41
8 9 15 41
9 8 25 5
9 8 3 16
9 8 6 3
8 8 3 16
9 11 26 30
7 7 5 10
11 7 34 24
7 9 8 7
8 8 27 19
11 7 33 24
9 11 22 21
9 8 46 42
7 7 48 13
7 7 14 46
7 9 18 40
9 8 39 40
11 7 50 25
7 9 39 50
9 11 18 21
7 9 3 35
9 11 11 36
11 7 10 19
8 9 14 24
7 9 33 7
7 9 12 40
11 7 28 21
8 8 47 3
7 7 3 15
7 9 46 38
8 9 5 18
8 8 8 18
7 9 42 22
11 7 10 30
9 8 38 11
7 9 33 5
11 7 15 46
