625
11 2 69 86
5 3 79 40
9 8 56 76
5 3 16 22
11 2 46 67
3 9 15 19
5 11 11 4
5 3 78 36
9 9 50 6
8 5 5 93
2 8 61 49
3 9 18 63
7 2 40 74
6 5 21 74
5 8 100 80
5 3 83 83
5 3 2 61
3 11 89 46
9 7 49 98
5 3 39 100
3 9 65 55
6 5 40 68
8 5 93 33
5 11 100 36
5 5 37 48
9 7 7 29
5 11 4 42
11 5 91 85
8 3 14 25
8 5 76 49
6 8 9 81
9 9 95 12
8 3 15 24
7 2 84 28
9 8 24 4
3 11 92 34
5 11 62 83
5 3 41 96
8 5 71 20
7 2 4 15
2 6 45 26
11 5 56 59
11 5 23 23
5 11 55 54
7 2 22 19
5 5 57 21
8 9 56 46
9 7 77 70
8 3 12 44
9 9 73 18
8 3 77 8
6 8 42 88
6 8 28 9
8 5 92 41
3 9 13 80
2 8 56 87
3 11 65 11
9 7 46 20
5 3 6 85
8 9 59 81
5 11 71 72
6 8 93 5
3 11 57 26
5 8 98 11
3 6 23 76
11 2 47 76
8 9 9 92
11 5 78 42
11 5 85 58
5 11 65 80
8 9 42 96
2 6 74 51
5 11 37 6
8 9 22 7
5 3 62 57
8 8 7 51
3 6 77 26
8 5 79 72
5 3 83 28
3 11 66 83
3 9 23 49
6 8 70 64
8 5 52 49
9 7 73 96
3 11 28 62
6 8 91 11
6 8 8 94
6 5 61 90
11 5 65 68
8 5 88 67
6 8 96 80
11 5 66 19
3 6 42 5
8 5 66 53
6 5 82 22
6 8 64 77
11 5 53 54
2 8 76 89
3 9 24 25
9 9 17 4
7 2 17 61
9 9 84 88
8 5 96 19
8 8 44 27
11 5 7 45
6 8 16 81
8 3 66 29
5 3 55 65
5 3 75 86
8 3 75 56
8 9 51 3
5 8 75 80
8 8 100 61
8 9 70 81
2 6 67 22
3 6 98 47
6 8 91 55
11 5 72 7
7 2 85 90
5 3 73 48
6 5 39 49
6 8 8 36
9 9 32 10
3 9 47 6
11 5 22 36
5 8 84 83
8 5 60 75
5 3 91 94
2 8 68 72
6 8 51 100
3 9 75 19
5 5 34 90
8 3 97 37
8 5 30 89
3 9 59 94
9 9 11 10
9 8 67 77
8 8 78 55
9 8 28 56
2 6 33 58
5 11 11 83
9 9 42 69
3 11 89 46
8 5 12 64
7 2 47 21
7 2 19 91
3 6 48 3
8 3 82 44
8 8 24 69
7 2 85 19
6 8 91 43
8 5 38 6
3 9 29 66
5 11 9 70
2 6 14 48
8 3 15 31
11 5 22 54
5 8 92 62
5 3 77 28
6 8 87 65
8 8 63 65
8 9 4 30
9 9 41 11
8 9 86 13
2 6 98 86
5 5 78 34
8 5 6 49
9 9 87 17
6 8 5 87
8 8 62 94
9 9 3 14
8 6 78 59
9 8 16 65
9 8 36 90
2 8 10 32
6 8 52 61
6 8 52 38
7 2 44 47
5 8 33 4
11 2 59 65
11 5 50 57
11 2 93 76
5 3 98 80
5 8 35 75
8 3 17 31
7 2 23 3
6 5 20 67
2 8 62 10
5 5 74 98
9 9 87 99
9 9 20 51
11 5 51 6
5 3 82 70
7 2 72 91
5 8 62 67
3 6 56 41
3 11 30 59
8 8 54 87
5 3 58 42
11 5 62 35
11 2 84 78
5 3 40 28
5 3 30 10
3 6 93 40
8 8 77 34
5 3 93 15
6 8 39 17
2 6 89 57
5 3 22 78
5 11 92 42
5 8 79 93
8 9 98 78
8 6 50 85
6 5 37 83
5 5 26 11
11 2 15 30
11 5 78 94
6 8 13 15
8 5 8 94
8 5 45 66
9 7 81 46
8 3 38 29
9 7 88 17
7 2 87 24
2 8 37 46
8 3 99 41
5 11 92 65
11 2 77 18
5 3 17 54
6 5 3 88
6 8 82 47
8 9 47 65
2 8 83 38
6 8 4 92
9 9 88 10
11 2 56 34
3 6 5 59
8 3 17 85
6 8 11 19
9 9 99 10
9 9 65 36
5 8 20 14
3 11 82 47
3 6 33 95
5 3 28 59
8 8 22 67
5 11 69 73
3 6 58 62
2 6 21 45
5 5 31 100
9 9 92 64
9 7 43 35
7 2 75 17
11 2 2 81
5 11 57 12
2 6 65 10
2 6 87 84
8 5 6 29
8 9 78 15
2 6 23 73
5 3 36 84
8 5 24 81
2 8 38 32
6 8 95 9
3 11 96 6
6 8 51 21
9 7 11 27
9 7 88 17
5 5 97 64
3 6 51 65
5 3 7 65
8 6 2 81
3 9 9 25
5 3 100 85
5 11 94 90
3 11 85 24
9 8 62 25
6 8 60 2
7 2 82 81
8 5 82 77
5 11 27 7
9 8 39 58
6 5 91 93
8 8 48 85
8 6 52 41
5 8 48 62
5 8 32 9
3 6 70 65
8 5 72 6
3 6 41 53
3 6 13 61
8 5 34 10
3 9 69 97
2 6 51 46
7 2 61 2
2 8 33 5
7 2 27 62
5 3 93 4
9 8 11 58
7 2 23 81
6 8 84 95
5 5 94 47
8 5 47 98
3 9 12 72
9 8 4 17
11 5 96 60
8 8 94 99
8 5 57 49
8 6 53 96
7 2 58 81
9 7 36 23
5 11 51 51
9 8 90 74
6 5 30 9
8 8 49 95
8 6 95 27
8 6 20 71
11 2 40 63
8 9 79 45
8 3 14 70
8 6 3 56
8 6 65 68
8 3 8 82
9 8 55 15
11 5 94 17
5 8 78 47
8 5 10 57
8 6 33 18
5 5 49 9
9 8 88 87
8 6 83 4
6 8 100 79
6 8 84 42
9 8 86 20
11 2 48 71
5 8 10 15
9 8 62 5
11 5 60 35
3 11 27 7
5 11 42 84
2 6 87 87
8 9 56 8
3 11 17 19
3 9 90 32
3 11 69 84
6 8 89 87
9 9 97 63
6 5 85 24
8 5 97 19
5 3 92 19
3 9 88 59
3 11 50 71
2 8 97 46
5 5 3 46
8 5 40 85
3 11 64 54
3 9 84 67
8 5 72 55
8 9 62 73
9 8 94 67
7 2 75 24
6 5 73 24
9 7 71 14
5 11 44 85
6 5 96 29
2 8 86 70
2 8 45 6
8 6 34 96
3 9 81 30
5 3 38 25
2 8 7 12
2 8 36 72
7 2 84 66
5 3 91 66
6 8 48 29
8 5 44 28
8 5 94 96
9 8 62 13
6 5 76 7
8 9 56 86
8 5 55 61
5 5 85 58
9 9 83 24
3 9 11 74
5 8 51 87
2 6 10 14
8 5 36 35
8 5 68 53
9 7 30 28
8 6 94 47
3 9 32 70
8 9 79 4
5 3 68 75
5 3 94 74
2 8 22 55
3 6 13 77
5 5 26 12
3 11 77 74
6 5 92 29
8 3 59 72
8 8 7 85
3 11 18 22
9 9 17 38
5 8 41 89
8 9 23 69
5 11 47 28
8 6 29 44
5 11 18 4
8 6 60 82
8 8 24 98
2 8 58 54
8 5 48 41
8 5 61 26
11 2 52 24
11 2 73 23
8 3 25 63
2 8 43 6
7 2 13 53
3 9 93 100
6 5 40 91
2 8 51 22
8 3 6 68
8 6 80 62
6 8 4 3
5 3 43 76
2 6 50 28
2 8 11 72
8 5 8 76
3 6 37 23
5 3 45 10
11 5 64 72
6 5 43 73
11 2 24 20
8 8 19 98
5 3 35 42
2 6 2 75
3 11 15 22
9 9 90 31
8 5 13 78
5 8 11 85
3 11 90 42
3 6 62 34
6 8 84 80
3 11 55 51
3 11 91 2
2 6 31 62
3 6 9 29
3 6 26 14
9 8 15 35
11 5 29 63
5 5 89 63
11 2 16 65
6 5 8 50
6 5 26 93
9 8 76 18
7 2 10 22
2 6 15 51
8 3 97 79
8 5 29 73
11 2 94 31
6 8 38 88
9 7 16 17
8 6 52 52
9 8 35 32
8 6 67 67
2 8 30 93
3 6 27 100
6 8 81 89
3 9 11 86
2 6 90 51
5 3 67 33
3 6 6 79
9 9 23 75
5 5 93 80
9 7 66 43
6 5 96 79
6 8 81 34
6 8 80 3
5 3 2 95
5 11 18 95
5 11 38 80
8 8 5 23
5 5 63 27
6 8 53 57
11 2 7 14
5 3 41 32
5 3 3 76
2 8 20 69
5 5 19 86
5 3 94 4
8 5 4 28
6 5 54 43
2 6 86 47
8 5 42 6
5 8 24 15
8 5 99 79
8 5 88 70
8 6 81 47
5 5 58 69
5 5 8 94
9 8 15 59
3 9 51 79
11 2 77 45
8 8 29 84
2 6 57 66
9 7 4 29
7 2 35 62
6 8 28 100
3 6 17 26
8 3 55 37
5 8 61 59
11 5 96 6
8 5 59 86
9 9 18 40
3 6 76 8
7 2 10 42
11 5 21 74
11 2 99 97
8 9 43 8
6 5 69 5
5 5 23 49
9 7 48 28
5 3 41 87
5 3 13 50
2 6 50 65
8 9 42 82
8 6 98 72
8 8 21 42
8 9 12 70
8 9 32 28
9 7 67 51
8 6 86 59
6 5 64 43
8 8 94 71
9 9 70 81
2 6 2 37
2 6 76 10
11 2 71 59
6 8 49 58
9 9 4 12
9 8 33 16
3 11 17 78
9 8 51 28
11 2 96 2
8 9 38 64
8 8 13 65
11 2 78 96
5 11 48 21
8 5 87 82
9 7 25 28
9 7 24 10
8 8 17 100
3 9 48 76
5 5 62 65
6 8 94 60
5 8 40 86
6 8 37 14
5 5 88 66
5 5 60 71
6 8 60 52
5 11 86 31
3 11 48 8
6 8 82 28
5 8 95 15
2 8 98 53
8 8 74 87
9 7 7 92
5 5 39 7
8 6 23 84
8 3 78 88
2 6 18 50
5 3 23 11
8 5 61 36
9 7 49 78
6 8 66 9
11 5 26 88
5 8 41 94
6 8 46 88
3 11 100 74
2 8 27 85
8 3 64 78
5 8 43 58
8 9 59 97
3 9 66 75
5 8 10 3
5 3 88 16
5 3 42 90
11 2 28 44
9 7 65 78
9 7 22 35
9 8 47 62
5 8 6 66
8 6 94 80
8 5 74 66
8 3 92 63
5 3 84 16
3 9 30 19
9 7 97 8
8 5 7 100
6 8 76 47
3 6 46 68
6 5 91 62
8 5 100 4
8 8 32 31
2 8 83 48
6 8 100 54
9 8 44 6
8 6 90 76
6 8 94 64
3 6 95 41
8 3 27 18
5 3 8 61
5 5 24 76
6 5 22 36
11 5 85 33
5 3 68 66
5 3 88 92
8 5 57 46
8 5 33 60
6 8 91 57
8 8 23 2
8 9 45 3
8 6 61 55
11 2 64 96
8 3 61 66
